./simulation results/2016-10-2_18-6-33.txt

Comfortable Program

simTime, model.x, model.u, model.d, model.z, systemTime

0.0,[ 1.          0.33333333],[ 1.  0.  1.  0.  1.],0.0,3.0,1475449593.88
0.333333333333,[ 1.98666667  0.99555556],[ 1.  0.  1.  0.  0.],0.333333333333,3.08333333333,1475449593.92
0.666666666667,[ 2.96017778  1.64894815],[ 1.  0.  1.  0.  0.],0.666666666667,3.16555555556,1475449594.26
1.0,[ 3.92070874  2.29362884],[ 1.  0.  1.  0.  0.],1.0,3.24668148148,1475449594.81
1.33333333333,[ 4.86843262  2.92971379],[ 1.  0.  1.  0.  0.],1.33333333333,3.3267257284,1475449594.92
1.66666666667,[ 5.80352019  3.5573176 ],[ 1.  0.  1.  0.  0.],1.66666666667,3.40570271868,1475449595.26
2.0,[ 6.72613992  4.17655337],[ 1.  0.  1.  0.  0.],2.0,3.48362668243,1475449595.8
2.33333333333,[ 7.63645805  4.78753266],[ 1.  0.  1.  0.  0.],2.33333333333,3.56051166,1475449595.92
2.66666666667,[ 8.53463861  5.39036556],[ 1.  0.  1.  0.  0.],2.66666666667,3.63637150453,1475449596.26
3.0,[ 9.42084343  5.98516068],[ 1.  0.  1.  0.  0.],3.0,3.71121988447,1475449596.79
3.33333333333,[ 10.96189885   5.90535854],[ 1.  1.  0.  0.  0.],3.33333333333,3.78507028601,1475449596.92
3.66666666667,[ 11.8157402    6.49328709],[ 1.  0.  1.  0.  0.],3.66666666667,3.91349157109,1475449597.26
4.0,[ 11.658197     8.40670993],[ 1.  0.  1.  1.  0.],4.0,3.98464501681,1475449597.8
4.33333333333,[ 11.50275437  10.29462047],[ 1.  0.  1.  1.  0.],4.33333333333,3.97151641658,1475449597.92
4.66666666667,[ 11.34938431  12.15735886],[ 1.  0.  1.  1.  0.],4.66666666667,3.95856286436,1475449598.26
5.0,[ 11.19805919  13.99526074],[ 1.  0.  1.  1.  0.],5.0,3.94578202617,1475449598.81
5.33333333333,[ 11.04875173  15.80865726],[ 1.  0.  1.  1.  0.],5.33333333333,3.93317159916,1475449598.92
5.66666666667,[ 10.90143504  17.59787517],[ 1.  0.  1.  1.  0.],5.66666666667,3.92072931117,1475449599.26
6.0,[ 10.75608258  19.36323683],[ 1.  0.  1.  1.  0.],6.0,3.90845292035,1475449599.79
6.33333333333,[ 10.61266814  21.10506034],[ 1.  0.  1.  1.  0.],6.33333333333,3.89634021475,1475449599.92
6.66666666667,[ 10.4711659   22.82365954],[ 1.  0.  1.  1.  0.],6.66666666667,3.88438901188,1475449600.26
7.0,[ 10.33155036  24.51934408],[ 1.  0.  1.  1.  0.],7.0,3.87259715839,1475449600.8
7.33333333333,[ 10.19379635  26.19241949],[ 1.  0.  1.  1.  0.],7.33333333333,3.86096252961,1475449600.92
7.66666666667,[ 10.05787907  27.84318723],[ 1.  0.  1.  1.  0.],7.66666666667,3.84948302922,1475449601.26
8.0,[  9.92377401  29.47194473],[ 1.  0.  1.  1.  0.],8.0,3.83815658883,1475449601.79
8.33333333333,[  9.79145702  31.07898547],[ 1.  0.  1.  1.  0.],8.33333333333,3.82698116765,1475449601.92
8.66666666667,[ 10.32757093  31.99793233],[ 1.  1.  0.  1.  0.],8.66666666667,3.81595475208,1475449602.26
9.0,[ 10.85653665  32.90462656],[ 1.  1.  0.  1.  0.],9.0,3.86063091094,1475449602.8
9.33333333333,[ 11.3784495   33.79923154],[ 1.  1.  0.  1.  0.],9.33333333333,3.90471138768,1475449602.92
9.66666666667,[ 11.8934035   34.68190846],[ 1.  1.  0.  1.  0.],9.66666666667,3.94820412473,1475449603.26
10.0,[ 12.40149146  35.55281634],[ 1.  1.  0.  1.  0.],10.0,3.99111695863,1475449603.81
10.3333333333,[ 12.9028049   36.41211213],[ 1.  1.  0.  1.  0.],10.3333333333,4.0334576214,1475449603.92
10.6666666667,[ 13.39743417  37.25995063],[ 1.  1.  0.  1.  0.],10.6666666667,4.075233742,1475449604.26
11.0,[ 13.88546838  38.09648462],[ 1.  1.  0.  1.  0.],11.0,4.11645284767,1475449604.8
11.3333333333,[ 14.36699547  38.92186483],[ 1.  1.  0.  1.  0.],11.3333333333,4.15712236525,1475449604.92
11.6666666667,[ 14.8421022   39.73623996],[ 1.  1.  0.  1.  0.],11.6666666667,4.1972496226,1475449605.26
12.0,[ 15.31087417  40.53975676],[ 1.  1.  0.  1.  0.],12.0,4.23684184986,1475449605.81
12.3333333333,[ 15.77339585  41.33256001],[ 1.  1.  0.  1.  0.],12.3333333333,4.27590618075,1475449605.92
12.6666666667,[ 16.22975057  42.11479254],[ 1.  1.  0.  1.  0.],12.6666666667,4.3144496539,1475449606.26
13.0,[ 16.68002056  42.88659531],[ 1.  1.  0.  1.  0.],13.0,4.35247921407,1475449606.8
13.3333333333,[ 17.12428695  43.64810737],[ 1.  1.  0.  1.  0.],13.3333333333,4.39000171343,1475449606.92
13.6666666667,[ 17.56262979  44.39946594],[ 1.  1.  0.  1.  0.],13.6666666667,4.42702391281,1475449607.26
14.0,[ 17.99512806  45.14080639],[ 1.  1.  0.  1.  0.],14.0,4.46355248286,1475449607.8
14.3333333333,[ 18.42185969  45.87226231],[ 1.  1.  0.  1.  0.],14.3333333333,4.49959400531,1475449607.92
14.6666666667,[ 18.84290156  46.59396548],[ 1.  1.  0.  1.  0.],14.6666666667,4.53515497413,1475449608.26
15.0,[ 19.25832954  47.30604594],[ 1.  1.  0.  1.  0.],15.0,4.5702417967,1475449608.8
15.3333333333,[ 19.66821848  48.00863199],[ 1.  1.  0.  1.  0.],15.3333333333,4.60486079496,1475449608.92
15.6666666667,[ 20.07264223  48.70185023],[ 1.  1.  0.  1.  0.],15.6666666667,4.63901820659,1475449609.26
16.0,[ 20.47167367  49.38582556],[ 1.  1.  0.  1.  0.],16.0,4.67272018605,1475449609.8
16.3333333333,[ 20.86538469  50.06068122],[ 1.  1.  0.  1.  0.],16.3333333333,4.7059728058,1475449609.92
16.6666666667,[ 21.25384622  50.7265388 ],[ 1.  1.  0.  1.  0.],16.6666666667,4.73878205727,1475449610.26
17.0,[ 20.97046161  52.05018495],[ 1.  0.  1.  1.  0.],17.0,4.77115385207,1475449610.81
17.3333333333,[ 21.35752212  52.68951582],[ 1.  1.  0.  1.  0.],17.3333333333,4.74753846737,1475449610.92
17.6666666667,[ 21.73942183  53.32032228],[ 1.  1.  0.  1.  0.],17.6666666667,4.77979351003,1475449611.26
18.0,[ 22.11622953  53.94271798],[ 1.  1.  0.  1.  0.],18.0,4.81161848545,1475449611.81
18.3333333333,[ 21.82134647  55.22348174],[ 1.  0.  1.  1.  0.],18.3333333333,4.84301912787,1475449611.92
18.6666666667,[ 22.19706185  55.82050198],[ 1.  1.  0.  1.  0.],18.6666666667,4.8184455395,1475449612.26
19.0,[ 22.5677677   56.40956196],[ 1.  1.  0.  1.  0.],19.0,4.84975515452,1475449612.8
19.3333333333,[ 22.93353079  56.9907678 ],[ 1.  1.  0.  1.  0.],19.3333333333,4.88064730802,1475449612.92
19.6666666667,[ 23.29441705  57.56422423],[ 1.  1.  0.  1.  0.],19.6666666667,4.91112756613,1475449613.26
20.0,[ 23.65049149  58.13003457],[ 1.  1.  0.  1.  0.],20.0,4.94120142081,1475449613.8
20.3333333333,[ 24.00181827  58.68830078],[ 1.  1.  0.  1.  0.],20.3333333333,4.97087429075,1475449613.92
20.6666666667,[ 24.34846069  59.23912343],[ 1.  1.  0.  1.  0.],20.6666666667,5.00015152243,1475449614.26
21.0,[ 24.69048122  59.78260179],[ 1.  1.  0.  1.  0.],21.0,5.02903839102,1475449614.81
21.3333333333,[ 25.02794147  60.31883376],[ 1.  1.  0.  1.  0.],21.3333333333,5.05754010136,1475449614.92
21.6666666667,[ 25.36090225  60.84791598],[ 1.  1.  0.  1.  0.],21.6666666667,5.0856617889,1475449615.26
22.0,[ 25.68942355  61.36994377],[ 1.  1.  0.  1.  0.],22.0,5.1134085206,1475449615.8
22.3333333333,[ 26.01356457  61.88501118],[ 1.  1.  0.  1.  0.],22.3333333333,5.14078529589,1475449615.93
22.6666666667,[ 26.33338371  62.39321103],[ 1.  1.  0.  1.  0.],22.6666666667,5.1677970475,1475449616.26
23.0,[ 26.64893859  62.89463489],[ 1.  1.  0.  1.  0.],23.0,5.19444864242,1475449616.81
23.3333333333,[ 26.96028608  63.38937309],[ 1.  1.  0.  1.  0.],23.3333333333,5.22074488274,1475449616.92
23.6666666667,[ 27.26748226  63.87751478],[ 1.  1.  0.  1.  0.],23.6666666667,5.24669050653,1475449617.26
24.0,[ 27.5705825   64.35914792],[ 1.  1.  0.  1.  0.],24.0,5.27229018866,1475449617.8
24.3333333333,[ 27.8696414   64.83435928],[ 1.  1.  0.  1.  0.],24.3333333333,5.2975485417,1475449617.92
24.6666666667,[ 28.16471285  65.30323449],[ 1.  1.  0.  1.  0.],24.6666666667,5.3224701167,1475449618.26
25.0,[ 28.45585001  65.76585803],[ 1.  1.  0.  1.  0.],25.0,5.34705940403,1475449618.81
25.3333333333,[ 28.74310534  66.22231325],[ 1.  1.  0.  1.  0.],25.3333333333,5.3713208342,1475449618.92
25.6666666667,[ 29.02653061  66.67268241],[ 1.  1.  0.  1.  0.],25.6666666667,5.39525877864,1475449619.26
26.0,[ 28.6395102   67.78371331],[ 1.  0.  1.  1.  0.],26.0,5.41887755048,1475449619.82
26.3333333333,[ 28.92431673  68.2132638 ],[ 1.  1.  0.  1.  0.],26.3333333333,5.3866258498,1475449619.92
26.6666666667,[ 29.20532584  68.63708695],[ 1.  1.  0.  1.  0.],26.6666666667,5.41035972736,1475449620.26
27.0,[ 29.48258816  69.05525912],[ 1.  1.  0.  1.  0.],27.0,5.43377715322,1475449620.8
27.3333333333,[ 29.08948699  70.13452234],[ 1.  0.  1.  1.  0.],27.3333333333,5.45688234673,1475449620.92
27.6666666667,[ 29.36829383  70.5327287 ],[ 1.  1.  0.  1.  0.],27.6666666667,5.42412391544,1475449621.26
28.0,[ 29.64338324  70.92562565],[ 1.  1.  0.  1.  0.],28.0,5.44735781879,1475449641.81
28.3333333333,[ 29.9148048   71.31328398],[ 1.  1.  0.  1.  0.],28.3333333333,5.47028193676,1475449661.82
28.6666666667,[ 30.1826074   71.69577353],[ 1.  1.  0.  1.  0.],28.6666666667,5.49290039983,1475449661.82
29.0,[ 30.4468393   72.07316321],[ 1.  1.  0.  1.  0.],29.0,5.51521728339,1475449662.06
29.3333333333,[ 30.70754811  72.44552104],[ 1.  1.  0.  1.  0.],29.3333333333,5.5372366085,1475449662.06
29.6666666667,[ 30.9647808   72.81291409],[ 1.  1.  0.  1.  0.],29.6666666667,5.55896234261,1475449662.06
30.0,[ 31.21858373  73.17540857],[ 1.  1.  0.  1.  0.],30.0,5.58039840026,1475449662.29
30.3333333333,[ 31.46900261  73.53306979],[ 1.  1.  0.  1.  0.],30.3333333333,5.60154864381,1475449662.29
30.6666666667,[ 31.71608257  73.88596219],[ 1.  1.  0.  1.  0.],30.6666666667,5.62241688412,1475449662.29
31.0,[ 31.29320147  74.90081603],[ 1.  0.  1.  1.  0.],31.0,5.64300688122,1475449662.53
31.3333333333,[ 31.54262545  75.23547181],[ 1.  1.  0.  1.  0.],31.3333333333,5.60776678947,1475449662.53
31.6666666667,[ 31.78872378  75.56566552],[ 1.  1.  0.  1.  0.],31.6666666667,5.62855212116,1475449662.53
32.0,[ 32.0315408   75.89145665],[ 1.  1.  0.  1.  0.],32.0,5.6490603151,1475449662.77
32.3333333333,[ 32.27112025  76.21290389],[ 1.  1.  0.  1.  0.],32.3333333333,5.66929506646,1475449662.77
32.6666666667,[ 32.50750532  76.53006518],[ 1.  1.  0.  1.  0.],32.6666666667,5.68926002113,1475449662.77
33.0,[ 32.74073858  76.84299764],[ 1.  1.  0.  1.  0.],33.0,5.7089587764,1475449663.0
33.3333333333,[ 32.97086206  77.15175767],[ 1.  1.  0.  1.  0.],33.3333333333,5.7283948816,1475449663.0
33.6666666667,[ 33.19791724  77.4564009 ],[ 1.  1.  0.  1.  0.],33.6666666667,5.74757183874,1475449663.0
34.0,[ 33.42194501  77.75698222],[ 1.  1.  0.  1.  0.],34.0,5.76649310311,1475449663.25
34.3333333333,[ 33.64298574  78.05355579],[ 1.  1.  0.  1.  0.],34.3333333333,5.78516208396,1475449663.25
34.6666666667,[ 33.86107926  78.34617505],[ 1.  1.  0.  1.  0.],34.6666666667,5.80358214506,1475449663.25
35.0,[ 34.07626487  78.63489272],[ 1.  1.  0.  1.  0.],35.0,5.82175660535,1475449663.5
35.3333333333,[ 34.28858134  78.91976081],[ 1.  1.  0.  1.  0.],35.3333333333,5.8396887395,1475449663.5
35.6666666667,[ 34.49806692  79.20083067],[ 1.  1.  0.  1.  0.],35.6666666667,5.85738177853,1475449663.5
36.0,[ 34.70475937  79.47815293],[ 1.  1.  0.  1.  0.],36.0,5.87483891037,1475449663.76
36.3333333333,[ 34.90869591  79.75177755],[ 1.  1.  0.  1.  0.],36.3333333333,5.89206328046,1475449663.76
36.6666666667,[ 35.1099133   80.02175385],[ 1.  1.  0.  1.  0.],36.6666666667,5.90905799227,1475449663.76
37.0,[ 35.30844778  80.28813047],[ 1.  1.  0.  1.  0.],37.0,5.92582610793,1475449664.02
37.3333333333,[ 35.50433515  80.5509554 ],[ 1.  1.  0.  1.  0.],37.3333333333,5.94237064871,1475449664.02
37.6666666667,[ 34.69761068  81.14360932],[ 0.  1.  1.  1.  1.],37.6666666667,5.95869459562,1475449664.02
38.0,[ 35.90164254  79.7283612 ],[ 1.  1.  0.  0.  1.],0.0,5.89146755657,1475449664.27
38.3333333333,[ 36.08962064  78.99864972],[ 0.  1.  1.  0.  1.],0.333333333333,5.9918035447,1475449664.27
38.6666666667,[ 36.27509236  78.61200105],[ 0.  1.  1.  0.  0.],0.0,6.00746838633,1475449664.27
39.0,[ 36.45809113  78.23050771],[ 0.  1.  1.  0.  0.],0.0,6.0229243634,1475449664.5
39.3333333333,[ 36.63864991  77.85410094],[ 0.  1.  1.  0.  0.],0.0,6.03817426078,1475449664.5
39.6666666667,[ 36.81680125  77.48271292],[ 0.  1.  1.  0.  0.],0.0,6.05322082619,1475449664.5
40.0,[ 36.99257723  77.11627675],[ 0.  1.  1.  0.  0.],0.0,6.06806677073,1475449664.73
40.3333333333,[ 37.16600954  76.7547264 ],[ 0.  1.  1.  0.  0.],0.0,6.08271476934,1475449664.73
40.6666666667,[ 37.33712941  76.39799671],[ 0.  1.  1.  0.  0.],0.0,6.0971674613,1475449664.73
41.0,[ 37.50596768  76.04602342],[ 0.  1.  1.  0.  0.],0.0,6.11142745071,1475449664.96
41.3333333333,[ 37.67255478  75.69874311],[ 0.  1.  1.  0.  0.],0.0,6.12549730692,1475449664.96
41.6666666667,[ 37.83692072  75.3560932 ],[ 0.  1.  1.  0.  0.],0.0,6.13937956505,1475449664.96
42.0,[ 37.99909511  75.01801196],[ 0.  1.  1.  0.  0.],0.0,6.15307672641,1475449665.18
42.3333333333,[ 38.15910717  74.68443847],[ 0.  1.  1.  0.  0.],0.0,6.16659125894,1475449665.18
42.6666666667,[ 38.31698574  74.35531262],[ 0.  1.  1.  0.  0.],0.0,6.17992559771,1475449665.18
43.0,[ 38.47275927  74.03057512],[ 0.  1.  1.  0.  0.],0.0,6.1930821453,1475449665.42
43.3333333333,[ 38.62645581  73.71016745],[ 0.  1.  1.  0.  0.],0.0,6.20606327225,1475449665.42
43.6666666667,[ 38.77810307  73.39403188],[ 0.  1.  1.  0.  0.],0.0,6.21887131751,1475449665.42
44.0,[ 38.92772836  73.08211146],[ 0.  1.  1.  0.  0.],0.0,6.23150858883,1475449665.65
44.3333333333,[ 39.07535865  72.77434997],[ 0.  1.  1.  0.  0.],0.0,6.2439773632,1475449665.65
44.6666666667,[ 39.22102053  72.47069197],[ 0.  1.  1.  0.  0.],0.0,6.25627988725,1475449665.65
45.0,[ 39.36474026  72.17108275],[ 0.  1.  1.  0.  0.],0.0,6.26841837764,1475449665.88
45.3333333333,[ 39.50654372  71.87546831],[ 0.  1.  1.  0.  0.],0.0,6.28039502149,1475449665.88
45.6666666667,[ 39.64645647  71.5837954 ],[ 0.  1.  1.  0.  0.],0.0,6.29221197676,1475449665.88
46.0,[ 39.78450372  71.29601146],[ 0.  1.  1.  0.  0.],0.0,6.30387137263,1475449666.11
46.3333333333,[ 39.92071034  71.01206464],[ 0.  1.  1.  0.  0.],0.0,6.31537530988,1475449666.11
46.6666666667,[ 40.05510086  70.73190378],[ 0.  1.  1.  0.  0.],0.0,6.32672586131,1475449666.11
47.0,[ 40.18769952  70.45547839],[ 0.  1.  1.  0.  0.],0.0,6.33792507204,1475449666.34
47.3333333333,[ 40.31853019  70.18273868],[ 0.  1.  1.  0.  0.],0.0,6.34897495997,1475449666.34
47.6666666667,[ 40.44761646  69.9136355 ],[ 0.  1.  1.  0.  0.],0.0,6.35987751606,1475449666.34
48.0,[ 40.57498157  69.64812036],[ 0.  1.  1.  0.  0.],0.0,6.37063470474,1475449666.57
48.3333333333,[ 40.70064848  69.38614542],[ 0.  1.  1.  0.  0.],0.0,6.38124846423,1475449666.57
48.6666666667,[ 40.82463984  69.12766348],[ 0.  1.  1.  0.  0.],0.0,6.39172070693,1475449666.57
49.0,[ 40.94697797  68.87262797],[ 0.  1.  1.  0.  0.],0.0,6.40205331973,1475449666.79
49.3333333333,[ 41.06768493  68.62099293],[ 0.  1.  1.  0.  0.],0.0,6.41224816435,1475449666.8
49.6666666667,[ 41.18678247  68.37271302],[ 0.  1.  1.  0.  0.],0.0,6.42230707772,1475449666.8
50.0,[ 41.30429203  68.12774352],[ 0.  1.  1.  0.  0.],0.0,6.43223187223,1475449667.02
50.3333333333,[ 41.42023481  67.88604027],[ 0.  1.  1.  0.  0.],0.0,6.44202433616,1475449667.02
50.6666666667,[ 41.53463168  67.64755973],[ 0.  1.  1.  0.  0.],0.0,6.4516862339,1475449667.02
51.0,[ 41.64750325  67.41225894],[ 0.  1.  1.  0.  0.],0.0,6.46121930634,1475449667.26
51.3333333333,[ 41.75886988  67.18009549],[ 0.  1.  1.  0.  0.],0.0,6.47062527114,1475449667.26
51.6666666667,[ 41.86875161  66.95102755],[ 0.  1.  1.  0.  0.],0.0,6.47990582308,1475449667.26
52.0,[ 41.97716826  66.72501384],[ 0.  1.  1.  0.  0.],0.0,6.48906263433,1475449667.49
52.3333333333,[ 42.08413935  66.50201366],[ 0.  1.  1.  0.  0.],0.0,6.49809735476,1475449667.49
52.6666666667,[ 42.18968416  66.28198681],[ 0.  1.  1.  0.  0.],0.0,6.50701161225,1475449667.49
53.0,[ 42.2938217   66.06489365],[ 0.  1.  1.  0.  0.],0.0,6.51580701298,1475449667.72
53.3333333333,[ 42.39657074  65.85069507],[ 0.  1.  1.  0.  0.],0.0,6.52448514169,1475449667.72
53.6666666667,[ 42.4979498   65.63935247],[ 0.  1.  1.  0.  0.],0.0,6.53304756203,1475449667.72
54.0,[ 42.59797714  65.43082777],[ 0.  1.  1.  0.  0.],0.0,6.54149581676,1475449667.94
54.3333333333,[ 42.69667078  65.2250834 ],[ 0.  1.  1.  0.  0.],0.0,6.54983142809,1475449667.95
54.6666666667,[ 42.7940485   65.02208229],[ 0.  1.  1.  0.  0.],0.0,6.55805589794,1475449667.95
55.0,[ 42.89012785  64.82178786],[ 0.  1.  1.  0.  0.],0.0,6.56617070819,1475449688.17
55.3333333333,[ 42.98492615  64.62416402],[ 0.  1.  1.  0.  0.],0.0,6.57417732097,1475449688.18
55.6666666667,[ 43.07846046  64.42917517],[ 0.  1.  1.  0.  0.],0.0,6.58207717891,1475449688.18
56.0,[ 43.17074766  64.23678616],[ 0.  1.  1.  0.  0.],0.0,6.58987170541,1475449688.4
56.3333333333,[ 43.26180436  64.04696235],[ 0.  1.  1.  0.  0.],0.0,6.59756230489,1475449688.4
56.6666666667,[ 43.35164697  63.85966952],[ 0.  1.  1.  0.  0.],0.0,6.60515036305,1475449688.4
57.0,[ 43.44029167  63.67487392],[ 0.  1.  1.  0.  0.],0.0,6.6126372471,1475449688.63
57.3333333333,[ 43.52775445  63.49254227],[ 0.  1.  1.  0.  0.],0.0,6.62002430603,1475449688.63
57.6666666667,[ 43.61405106  63.31264171],[ 0.  1.  1.  0.  0.],0.0,6.62731287084,1475449688.63
58.0,[ 43.69919704  63.13513982],[ 0.  1.  1.  0.  0.],0.0,6.63450425478,1475449688.86
58.3333333333,[ 43.78320775  62.96000462],[ 0.  1.  1.  0.  0.],0.0,6.64159975361,1475449688.86
58.6666666667,[ 43.86609831  62.78720456],[ 0.  1.  1.  0.  0.],0.0,6.64860064578,1475449688.86
59.0,[ 43.94788367  62.6167085 ],[ 0.  1.  1.  0.  0.],0.0,6.65550819272,1475449689.1
59.3333333333,[ 44.02857855  62.44848572],[ 0.  1.  1.  0.  0.],0.0,6.66232363904,1475449689.1
59.6666666667,[ 44.10819751  62.28250591],[ 0.  1.  1.  0.  0.],0.0,6.66904821275,1475449689.1
60.0,[ 43.52008821  61.4520725 ],[ 0.  0.  0.  0.  0.],0.0,6.67568312546,1475449689.33
60.3333333333,[ 43.60648703  61.2993782 ],[ 0.  1.  1.  0.  0.],0.0,6.62667401713,1475449689.33
60.6666666667,[ 43.69173387  61.14871982],[ 0.  1.  1.  0.  0.],0.0,6.63387391912,1475449689.33
61.0,[ 43.10917742  60.33340356],[ 0.  0.  0.  0.  0.],0.0,6.64097782242,1475449689.56
61.3333333333,[ 43.20105505  60.19562484],[ 0.  1.  1.  0.  0.],0.0,6.59243145145,1475449689.56
61.6666666667,[ 43.29170765  60.05968318],[ 0.  1.  1.  0.  0.],0.0,6.60008792099,1475449689.56
62.0,[ 43.38115155  59.92555407],[ 0.  1.  1.  0.  0.],0.0,6.60764230427,1475449689.78
62.3333333333,[ 43.46940286  59.79321335],[ 0.  1.  1.  0.  0.],0.0,6.61509596243,1475449689.78
62.6666666667,[ 43.55647749  59.66263717],[ 0.  1.  1.  0.  0.],0.0,6.62245023849,1475449689.78
63.0,[ 43.64239112  59.53380201],[ 0.  1.  1.  0.  0.],0.0,6.62970645753,1475449690.01
63.3333333333,[ 43.72715924  59.40668465],[ 0.  1.  1.  0.  0.],0.0,6.63686592699,1475449690.01
63.6666666667,[ 43.81079712  59.28126219],[ 0.  1.  1.  0.  0.],0.0,6.64392993685,1475449690.01
64.0,[ 43.89331982  59.15751202],[ 0.  1.  1.  0.  0.],0.0,6.65089975991,1475449690.24
64.3333333333,[ 43.97474223  59.03541186],[ 0.  1.  1.  0.  0.],0.0,6.657776652,1475449690.24
64.6666666667,[ 44.055079   58.9149397],[ 0.  1.  1.  0.  0.],0.0,6.6645618522,1475449690.24
65.0,[ 44.13434461  58.79607384],[ 0.  1.  1.  0.  0.],0.0,6.67125658306,1475449690.47
65.3333333333,[ 44.21255335  58.67879286],[ 0.  1.  1.  0.  0.],0.0,6.67786205084,1475449690.47
65.6666666667,[ 44.2897193   58.56307562],[ 0.  1.  1.  0.  0.],0.0,6.68437944572,1475449690.47
66.0,[ 44.36585638  58.44890128],[ 0.  1.  1.  0.  0.],0.0,6.690809942,1475449690.7
66.3333333333,[ 44.44097829  58.33624926],[ 0.  1.  1.  0.  0.],0.0,6.69715469832,1475449690.7
66.6666666667,[ 44.51509858  58.22509927],[ 0.  1.  1.  0.  0.],0.0,6.7034148579,1475449690.7
67.0,[ 44.5882306   58.11543128],[ 0.  1.  1.  0.  0.],0.0,6.70959154869,1475449690.94
67.3333333333,[ 44.66038753  58.00722553],[ 0.  1.  1.  0.  0.],0.0,6.71568588359,1475449690.94
67.6666666667,[ 44.73158236  57.90046252],[ 0.  1.  1.  0.  0.],0.0,6.7216989607,1475449690.94
68.0,[ 44.80182793  57.79512302],[ 0.  1.  1.  0.  0.],0.0,6.72763186345,1475449691.16
68.3333333333,[ 44.87113689  57.69118805],[ 0.  1.  1.  0.  0.],0.0,6.73348566082,1475449691.16
68.6666666667,[ 44.93952173  57.58863888],[ 0.  1.  1.  0.  0.],0.0,6.73926140757,1475449691.17
69.0,[ 45.00699478  57.48745702],[ 0.  1.  1.  0.  0.],0.0,6.74496014436,1475449691.39
69.3333333333,[ 45.07356818  57.38762426],[ 0.  1.  1.  0.  0.],0.0,6.75058289799,1475449691.39
69.6666666667,[ 45.13925394  57.28912261],[ 0.  1.  1.  0.  0.],0.0,6.75613068157,1475449691.39
70.0,[ 45.20406388  57.1919343 ],[ 0.  1.  1.  0.  0.],0.0,6.7616044947,1475449691.62
70.3333333333,[ 45.2680097   57.09604185],[ 0.  1.  1.  0.  0.],0.0,6.76700532366,1475449691.62
70.6666666667,[ 45.3311029   57.00142796],[ 0.  1.  1.  0.  0.],0.0,6.77233414157,1475449691.62
71.0,[ 45.39335486  56.90807558],[ 0.  1.  1.  0.  0.],0.0,6.77759190857,1475449691.85
71.3333333333,[ 45.4547768   56.81596791],[ 0.  1.  1.  0.  0.],0.0,6.78277957201,1475449691.85
71.6666666667,[ 45.51537978  56.72508834],[ 0.  1.  1.  0.  0.],0.0,6.78789806661,1475449691.85
72.0,[ 45.57517471  56.63542049],[ 0.  1.  1.  0.  0.],0.0,6.79294831461,1475449692.08
72.3333333333,[ 45.63417238  56.54694822],[ 0.  1.  1.  0.  0.],0.0,6.79793122597,1475449692.08
72.6666666667,[ 45.02571675  55.79298891],[ 0.  0.  0.  0.  0.],0.0,6.80284769851,1475449692.08
73.0,[ 45.42537386  55.38241572],[ 1.  0.  1.  0.  1.],0.0,6.75214306253,1475449692.31
73.3333333333,[ 45.81970221  55.31065018],[ 1.  0.  1.  0.  0.],0.333333333333,6.7854478217,1475449692.31
73.6666666667,[ 46.20877285  55.23984151],[ 1.  0.  1.  0.  0.],0.666666666667,6.81830851741,1475449692.31
74.0,[ 46.59265587  55.16997696],[ 1.  0.  1.  0.  0.],1.0,6.85073107051,1475449692.53
74.3333333333,[ 46.97142046  55.10104393],[ 1.  0.  1.  0.  0.],1.33333333333,6.8827213229,1475449692.53
74.6666666667,[ 47.34513486  55.03303001],[ 1.  0.  1.  0.  0.],1.66666666667,6.9142850386,1475449692.53
75.0,[ 47.71386639  54.96592295],[ 1.  0.  1.  0.  0.],2.0,6.94542790475,1475449692.77
75.3333333333,[ 48.07768151  54.89971064],[ 1.  0.  1.  0.  0.],2.33333333333,6.97615553269,1475449692.77
75.6666666667,[ 48.43664575  54.83438117],[ 1.  0.  1.  0.  0.],2.66666666667,7.00647345892,1475449692.77
76.0,[ 48.79082381  54.76992275],[ 1.  0.  1.  0.  0.],3.0,7.03638714613,1475449693.0
76.3333333333,[ 49.14027949  54.70632378],[ 1.  0.  1.  0.  0.],3.33333333333,7.06590198418,1475449693.0
76.6666666667,[ 49.48507577  54.6435728 ],[ 1.  0.  1.  0.  0.],3.66666666667,7.09502329106,1475449693.0
77.0,[ 50.49194142  53.91499183],[ 1.  1.  0.  0.  0.],4.0,7.12375631385,1475449693.22
77.3333333333,[ 50.81871554  53.86279193],[ 1.  0.  1.  0.  0.],4.33333333333,7.20766178522,1475449693.22
77.6666666667,[ 51.14113266  53.81128804],[ 1.  0.  1.  0.  0.],4.66666666667,7.23489296141,1475449693.22
78.0,[ 51.45925089  53.76047087],[ 1.  0.  1.  0.  0.],5.0,7.26176105526,1475449693.45
78.3333333333,[ 51.77312755  53.71033126],[ 1.  0.  1.  0.  0.],5.33333333333,7.28827090786,1475449693.45
78.6666666667,[ 52.08281918  53.66086017],[ 1.  0.  1.  0.  0.],5.66666666667,7.31442729575,1475449693.45
79.0,[ 52.38838159  53.6120487 ],[ 1.  0.  1.  0.  0.],6.0,7.34023493181,1475449693.67
79.3333333333,[ 52.68986984  53.56388805],[ 1.  0.  1.  0.  0.],6.33333333333,7.36569846605,1475449693.67
79.6666666667,[ 52.98733824  53.51636955],[ 1.  0.  1.  0.  0.],6.66666666667,7.39082248651,1475449693.67
80.0,[ 53.2808404   53.46948462],[ 1.  0.  1.  0.  0.],7.0,7.41561152002,1475449693.9
80.3333333333,[ 53.57042919  53.42322483],[ 1.  0.  1.  0.  0.],7.33333333333,7.44007003309,1475449693.9
80.6666666667,[ 52.8561568   54.71091516],[ 1.  0.  1.  1.  0.],7.66666666667,7.46420243264,1475449693.9
81.0,[ 52.15140805  55.98143629],[ 1.  0.  1.  1.  0.],8.0,7.40467973354,1475449694.13
81.3333333333,[ 51.45605594  57.23501714],[ 1.  0.  1.  1.  0.],8.33333333333,7.34595067043,1475449694.13
81.6666666667,[ 50.76997519  58.47188358],[ 1.  0.  1.  1.  0.],8.66666666667,7.28800466149,1475449694.13
82.0,[ 50.09304219  59.69225847],[ 1.  0.  1.  1.  0.],9.0,7.230831266,1475449694.36
82.3333333333,[ 49.42513496  60.89636169],[ 1.  0.  1.  1.  0.],9.33333333333,7.17442018246,1475449694.36
82.6666666667,[ 48.76613316  62.0844102 ],[ 1.  0.  1.  1.  0.],9.66666666667,7.11876124669,1475449694.36
83.0,[ 48.11591805  63.25661806],[ 1.  0.  1.  1.  0.],10.0,7.06384443007,1475449694.59
83.3333333333,[ 47.47437248  64.41319649],[ 1.  0.  1.  1.  0.],10.3333333333,7.00965983767,1475449694.59
83.6666666667,[ 46.84138084  65.55435387],[ 1.  0.  1.  1.  0.],10.6666666667,6.9561977065,1475449694.59
84.0,[ 46.2168291   66.68029581],[ 1.  0.  1.  1.  0.],11.0,6.90344840374,1475449694.83
84.3333333333,[ 45.60060471  67.7912252 ],[ 1.  0.  1.  1.  0.],11.3333333333,6.85140242503,1475449694.83
84.6666666667,[ 44.99259665  68.8873422 ],[ 1.  0.  1.  1.  0.],11.6666666667,6.80005039269,1475449694.83
85.0,[ 44.39269536  69.96884431],[ 1.  0.  1.  1.  0.],12.0,6.74938305412,1475449695.06
85.3333333333,[ 43.80079276  71.03592638],[ 1.  0.  1.  1.  0.],12.3333333333,6.69939128007,1475449695.06
85.6666666667,[ 43.21678219  72.0887807 ],[ 1.  0.  1.  1.  0.],12.6666666667,6.650066063,1475449695.06
86.0,[ 42.64055842  73.12759695],[ 1.  0.  1.  1.  0.],13.0,6.6013985155,1475449695.28
86.3333333333,[ 42.07201764  74.15256233],[ 1.  0.  1.  1.  0.],13.3333333333,6.55337986862,1475449695.28
86.6666666667,[ 41.51105741  75.1638615 ],[ 1.  0.  1.  1.  0.],13.6666666667,6.50600147037,1475449695.28
87.0,[ 40.95757664  76.16167668],[ 1.  0.  1.  1.  0.],14.0,6.4592547841,1475449695.53
87.3333333333,[ 40.41147562  77.14618765],[ 1.  0.  1.  1.  0.],14.3333333333,6.41313138698,1475449695.53
87.6666666667,[ 39.87265595  78.11757182],[ 1.  0.  1.  1.  0.],14.6666666667,6.36762296849,1475449695.53
88.0,[ 39.34102053  79.07600419],[ 1.  0.  1.  1.  0.],15.0,6.32272132891,1475449695.79
88.3333333333,[ 38.81647359  80.02165747],[ 1.  0.  1.  1.  0.],15.3333333333,6.27841837786,1475449695.79
88.6666666667,[ 38.29892061  80.95470204],[ 1.  0.  1.  1.  0.],15.6666666667,6.23470613282,1475449695.79
89.0,[ 36.78826834  80.87530601],[ 0.  0.  0.  1.  1.],16.0,6.19157671771,1475449696.04
89.3333333333,[ 37.29775809  80.13030193],[ 1.  0.  1.  0.  1.],0.0,6.06568902814,1475449696.04
89.6666666667,[ 38.46712132  79.06189791],[ 1.  1.  0.  0.  0.],0.333333333333,6.10814650777,1475449696.04
90.0,[ 38.62089303  78.3410726 ],[ 0.  1.  1.  0.  1.],0.666666666667,6.20559344322,1475449696.27
90.3333333333,[ 38.77261446  77.96319163],[ 0.  1.  1.  0.  0.],0.0,6.21840775287,1475449696.27
90.6666666667,[ 38.92231293  77.59034908],[ 0.  1.  1.  0.  0.],0.0,6.23105120505,1475449696.27
91.0,[ 39.07001543  77.22247776],[ 0.  1.  1.  0.  0.],0.0,6.24352607787,1475449696.5
91.3333333333,[ 39.21574856  76.85951139],[ 0.  1.  1.  0.  0.],0.0,6.25583461906,1475449696.5
91.6666666667,[ 39.35953858  76.50138457],[ 0.  1.  1.  0.  0.],0.0,6.26797904636,1475449696.5
92.0,[ 39.50141139  76.14803277],[ 0.  1.  1.  0.  0.],0.0,6.27996154796,1475449696.73
92.3333333333,[ 38.97472591  75.13272567],[ 0.  0.  0.  0.  0.],0.0,6.29178428288,1475449696.73
92.6666666667,[ 39.12172956  74.79762266],[ 0.  1.  1.  0.  0.],0.0,6.24789382577,1475449696.73
93.0,[ 39.26677317  74.46698769],[ 0.  1.  1.  0.  0.],0.0,6.26014413032,1475449696.96
93.3333333333,[ 39.40988286  74.14076119],[ 0.  1.  1.  0.  0.],0.0,6.27223109747,1475449696.96
93.6666666667,[ 39.55108442  73.81888437],[ 0.  1.  1.  0.  0.],0.0,6.28415690506,1475449696.96
94.0,[ 39.6904033   73.50129925],[ 0.  1.  1.  0.  0.],0.0,6.29592370188,1475449697.18
94.3333333333,[ 39.82786459  73.18794859],[ 0.  1.  1.  0.  0.],0.0,6.30753360808,1475449697.18
94.6666666667,[ 39.96349306  72.87877594],[ 0.  1.  1.  0.  0.],0.0,6.31898871553,1475449697.18
95.0,[ 40.09731315  72.5737256 ],[ 0.  1.  1.  0.  0.],0.0,6.33029108821,1475449697.41
95.3333333333,[ 40.22934898  72.27274259],[ 0.  1.  1.  0.  0.],0.0,6.34144276259,1475449697.41
95.6666666667,[ 40.35962432  71.97577269],[ 0.  1.  1.  0.  0.],0.0,6.35244574797,1475449697.41
96.0,[ 40.48816267  71.68276239],[ 0.  1.  1.  0.  0.],0.0,6.36330202689,1475449697.64
96.3333333333,[ 40.61498716  71.39365889],[ 0.  1.  1.  0.  0.],0.0,6.37401355542,1475449697.64
96.6666666667,[ 40.74012067  71.1084101 ],[ 0.  1.  1.  0.  0.],0.0,6.38458226357,1475449697.65
97.0,[ 40.86358573  70.82696463],[ 0.  1.  1.  0.  0.],0.0,6.39501005561,1475449697.87
97.3333333333,[ 40.98540458  70.54927177],[ 0.  1.  1.  0.  0.],0.0,6.40529881043,1475449697.87
97.6666666667,[ 41.10559919  70.27528148],[ 0.  1.  1.  0.  0.],0.0,6.41545038184,1475449697.87
98.0,[ 40.55752453  69.33827773],[ 0.  0.  0.  0.  0.],0.0,6.42546659897,1475449698.1
98.3333333333,[ 40.6834242   69.08043403],[ 0.  1.  1.  0.  0.],0.0,6.37979371099,1475449698.1
98.6666666667,[ 40.80764522  68.82602824],[ 0.  1.  1.  0.  0.],0.0,6.3902853504,1475449698.1
99.0,[ 40.93020995  68.57501453],[ 0.  1.  1.  0.  0.],0.0,6.40063710128,1475449698.33
99.3333333333,[ 41.05114048  68.32734767],[ 0.  1.  1.  0.  0.],0.0,6.41085082882,1475449698.33
99.6666666667,[ 41.17045861  68.08298303],[ 0.  1.  1.  0.  0.],0.0,6.42092837332,1475449698.33
100.0,[ 41.28818583  67.84187659],[ 0.  1.  1.  0.  0.],0.0,6.43087155057,1475449698.57
100.333333333,[ 41.40434335  67.60398491],[ 0.  1.  1.  0.  0.],0.0,6.44068215212,1475449698.57
100.666666667,[ 41.5189521   67.36926511],[ 0.  1.  1.  0.  0.],0.0,6.45036194564,1475449698.57
101.0,[ 41.63203274  67.13767491],[ 0.  1.  1.  0.  0.],0.0,6.45991267526,1475449698.8
101.333333333,[ 41.74360564  66.90917257],[ 0.  1.  1.  0.  0.],0.0,6.46933606181,1475449698.8
101.666666667,[ 41.8536909   66.68371694],[ 0.  1.  1.  0.  0.],0.0,6.47863380321,1475449698.8
102.0,[ 41.96230835  66.46126738],[ 0.  1.  1.  0.  0.],0.0,6.48780757472,1475449699.03
102.333333333,[ 42.06947757  66.24178381],[ 0.  1.  1.  0.  0.],0.0,6.49685902928,1475449699.03
102.666666667,[ 42.17521787  66.0252267 ],[ 0.  1.  1.  0.  0.],0.0,6.50578979778,1475449699.03
103.0,[ 42.2795483   65.81155701],[ 0.  1.  1.  0.  0.],0.0,6.51460148936,1475449699.26
103.333333333,[ 42.38248766  65.60073625],[ 0.  1.  1.  0.  0.],0.0,6.52329569173,1475449699.26
103.666666667,[ 41.81738782  64.72605976],[ 0.  0.  0.  0.  0.],0.0,6.53187397139,1475449699.26
104.0,[ 42.25982265  64.19637897],[ 1.  0.  1.  0.  1.],0.0,6.48478231844,1475449699.48
104.333333333,[ 42.69635835  64.00709391],[ 1.  0.  1.  0.  0.],0.333333333333,6.52165188753,1475449699.49
104.666666667,[ 43.12707357  63.82033266],[ 1.  0.  1.  0.  0.],0.666666666667,6.55802986236,1475449699.49
105.0,[ 44.21871259  62.96939489],[ 1.  1.  0.  0.  0.],1.0,6.59392279753,1475449699.71
105.333333333,[ 44.62912975  62.79646963],[ 1.  0.  1.  0.  0.],1.33333333333,6.68489271578,1475449699.71
105.666666667,[ 45.03407469  62.62585003],[ 1.  0.  1.  0.  0.],1.66666666667,6.71909414624,1475449699.71
106.0,[ 46.10028703  61.7908387 ],[ 1.  1.  0.  0.  0.],2.0,6.75283955762,1475449699.94
106.333333333,[ 46.48561654  61.63362752],[ 1.  0.  1.  0.  0.],2.33333333333,6.84169058574,1475449699.94
106.666666667,[ 46.86580831  61.47851248],[ 1.  0.  1.  0.  0.],2.66666666667,6.87380137793,1475449700.26
107.0,[ 47.24093087  61.32546565],[ 1.  0.  1.  0.  0.],3.0,6.90548402623,1475449700.81
107.333333333,[ 47.61105179  61.17445944],[ 1.  0.  1.  0.  0.],3.33333333333,6.93674423921,1475449700.92
107.666666667,[ 47.97623777  61.02546665],[ 1.  0.  1.  0.  0.],3.66666666667,6.96758764936,1475449701.26
108.0,[ 48.3365546   60.87846043],[ 1.  0.  1.  0.  0.],4.0,6.99801981403,1475449701.83
108.333333333,[ 49.35873387  60.06674762],[ 1.  1.  0.  0.  0.],4.33333333333,7.02804621651,1475449701.92
108.666666667,[ 49.70061742  59.93252432],[ 1.  0.  1.  0.  0.],4.66666666667,7.11322782251,1475449702.25
109.0,[ 50.03794252  59.80009066],[ 1.  0.  1.  0.  0.],5.0,7.14171811821,1475449702.81
109.333333333,[ 50.37076995  59.66942279],[ 1.  0.  1.  0.  0.],5.33333333333,7.1698285433,1475449702.92
109.666666667,[ 50.69915969  59.54049715],[ 1.  0.  1.  0.  0.],5.66666666667,7.19756416273,1475449703.25
110.0,[ 51.02317089  59.41329052],[ 1.  0.  1.  0.  0.],6.0,7.22492997389,1475449703.81
110.333333333,[ 51.34286195  59.28777998],[ 1.  0.  1.  0.  0.],6.33333333333,7.25193090757,1475449703.92
110.666666667,[ 51.65829045  59.16394291],[ 1.  0.  1.  0.  0.],6.66666666667,7.2785718288,1475449704.25
111.0,[ 51.96951325  59.04175701],[ 1.  0.  1.  0.  0.],7.0,7.30485753775,1475449704.81
111.333333333,[ 51.2765864   60.25453358],[ 1.  0.  1.  1.  0.],7.33333333333,7.33079277058,1475449704.92
111.666666667,[ 50.59289858  61.4511398 ],[ 1.  0.  1.  1.  0.],7.66666666667,7.27304886698,1475449705.26
112.0,[ 49.9183266   62.63179127],[ 1.  0.  1.  1.  0.],8.0,7.21607488208,1475449705.81
112.333333333,[ 49.25274892  63.79670072],[ 1.  0.  1.  1.  0.],8.33333333333,7.15986055032,1475449705.92
112.666666667,[ 48.5960456   64.94607804],[ 1.  0.  1.  1.  0.],8.66666666667,7.10439574298,1475449706.25
113.0,[ 48.61476499  65.41346367],[ 1.  1.  0.  1.  0.],9.0,7.04967046641,1475449706.81
113.333333333,[ 47.96656812  66.54128415],[ 1.  0.  1.  1.  0.],9.33333333333,7.05123041575,1475449706.92
113.666666667,[ 47.32701388  67.65406703],[ 1.  0.  1.  1.  0.],9.66666666667,6.9972140102,1475449707.26
114.0,[ 46.69598703  68.7520128 ],[ 1.  0.  1.  1.  0.],10.0,6.9439178234,1475449707.82
114.333333333,[ 46.07337387  69.8353193 ],[ 1.  0.  1.  1.  0.],10.3333333333,6.89133225242,1475449707.92
114.666666667,[ 45.45906222  70.90418171],[ 1.  0.  1.  1.  0.],10.6666666667,6.83944782239,1475449708.26
115.0,[ 44.85294139  71.95879262],[ 1.  0.  1.  1.  0.],11.0,6.78825518476,1475449708.81
115.333333333,[ 44.25490217  72.99934205],[ 1.  0.  1.  1.  0.],11.3333333333,6.73774511563,1475449708.92
115.666666667,[ 43.66483681  74.02601749],[ 1.  0.  1.  1.  0.],11.6666666667,6.68790851409,1475449709.25
116.0,[ 43.08263898  75.03900393],[ 1.  0.  1.  1.  0.],12.0,6.63873640057,1475449709.82
116.333333333,[ 42.5082038   76.03848387],[ 1.  0.  1.  1.  0.],12.3333333333,6.59021991522,1475449709.92
116.666666667,[ 41.94142775  77.02463742],[ 1.  0.  1.  1.  0.],12.6666666667,6.54235031635,1475449710.25
117.0,[ 41.38220871  77.99764226],[ 1.  0.  1.  1.  0.],13.0,6.4951189788,1475449710.83
117.333333333,[ 40.83044593  78.95767369],[ 1.  0.  1.  1.  0.],13.3333333333,6.44851739242,1475449710.92
117.666666667,[ 40.28603998  79.90490471],[ 1.  0.  1.  1.  0.],13.6666666667,6.40253716052,1475449711.25
118.0,[ 39.74889278  80.83950598],[ 1.  0.  1.  1.  0.],14.0,6.35716999838,1475449711.82
118.333333333,[ 38.21890754  80.7616459 ],[ 0.  0.  0.  1.  1.],14.3333333333,6.31240773174,1475449711.92
118.666666667,[ 38.70932211  80.01815729],[ 1.  0.  1.  0.  1.],0.0,6.18490896198,1475449712.25
119.0,[ 39.19319782  79.61791519],[ 1.  0.  1.  0.  0.],0.333333333333,6.22577684249,1475449732.8
119.333333333,[ 39.67062184  79.22300966],[ 1.  0.  1.  0.  0.],0.666666666667,6.26609981792,1475449732.8
119.666666667,[ 40.14168022  78.83336953],[ 1.  0.  1.  0.  0.],1.0,6.30588515368,1475449732.8
120.0,[ 40.60645782  78.4489246 ],[ 1.  0.  1.  0.  0.],1.33333333333,6.3451400183,1475449733.03
120.333333333,[ 41.06503838  78.0696056 ],[ 1.  0.  1.  0.  0.],1.66666666667,6.38387148472,1475449733.03
120.666666667,[ 41.51750453  77.6953442 ],[ 1.  0.  1.  0.  0.],2.0,6.42208653159,1475449733.03
121.0,[ 41.96393781  77.32607294],[ 1.  0.  1.  0.  0.],2.33333333333,6.4597920445,1475449733.25
121.333333333,[ 42.40441864  76.9617253 ],[ 1.  0.  1.  0.  0.],2.66666666667,6.49699481724,1475449733.25
121.666666667,[ 42.83902639  76.60223563],[ 1.  0.  1.  0.  0.],3.0,6.53370155301,1475449733.25
122.0,[ 43.26783937  76.24753916],[ 1.  0.  1.  0.  0.],3.33333333333,6.56991886564,1475449733.48
122.333333333,[ 43.69093484  75.89757197],[ 1.  0.  1.  0.  0.],3.66666666667,6.60565328076,1475449733.48
122.666666667,[ 44.10838905  75.55227101],[ 1.  0.  1.  0.  0.],4.0,6.64091123702,1475449733.48
123.0,[ 44.52027719  75.21157406],[ 1.  0.  1.  0.  0.],4.33333333333,6.67569908719,1475449733.7
123.333333333,[ 44.9266735   74.87541974],[ 1.  0.  1.  0.  0.],4.66666666667,6.71002309936,1475449733.7
123.666666667,[ 45.32765118  74.54374748],[ 1.  0.  1.  0.  0.],5.0,6.74388945804,1475449733.7
124.0,[ 45.7232825   74.21649751],[ 1.  0.  1.  0.  0.],5.33333333333,6.77730426527,1475449733.93
124.333333333,[ 46.11363873  73.89361088],[ 1.  0.  1.  0.  0.],5.66666666667,6.81027354173,1475449733.93
124.666666667,[ 46.49879022  73.5750294 ],[ 1.  0.  1.  0.  0.],6.0,6.84280322784,1475449733.93
125.0,[ 46.87880635  73.26069567],[ 1.  0.  1.  0.  0.],6.33333333333,6.8748991848,1475449734.16
125.333333333,[ 47.2537556   72.95055306],[ 1.  0.  1.  0.  0.],6.66666666667,6.90656719567,1475449734.16
125.666666667,[ 46.62370552  73.97787902],[ 1.  0.  1.  1.  0.],7.0,6.9378129664,1475449734.16
126.0,[ 46.00205612  74.9915073 ],[ 1.  0.  1.  1.  0.],7.33333333333,6.88530879351,1475449754.4
126.333333333,[ 46.05536203  75.32495387],[ 1.  1.  0.  1.  0.],7.66666666667,6.83350467626,1475449754.41
126.666666667,[ 45.44129054  76.32062115],[ 1.  0.  1.  1.  0.],8.0,6.83794683614,1475449754.41
127.0,[ 44.83540667  77.30301287],[ 1.  0.  1.  1.  0.],8.33333333333,6.78677421165,1475449754.66
127.333333333,[ 44.23760124  78.27230603],[ 1.  0.  1.  1.  0.],8.66666666667,6.73628388883,1475449754.66
127.666666667,[ 43.64776656  79.22867529],[ 1.  0.  1.  1.  0.],9.0,6.68646677031,1475449754.66
128.0,[ 43.06579634  80.17229295],[ 1.  0.  1.  1.  0.],9.33333333333,6.63731388004,1475449754.92
128.333333333,[ 42.49158572  81.10332904],[ 1.  0.  1.  1.  0.],9.66666666667,6.58881636164,1475449754.92
128.666666667,[ 40.92503125  81.02195132],[ 0.  0.  0.  1.  1.],10.0,6.54096547682,1475449754.92
129.0,[ 41.37936416  80.27499197],[ 1.  0.  1.  0.  1.],0.0,6.41041927046,1475449755.18
129.333333333,[ 40.82763931  78.87132541],[ 0.  0.  0.  0.  1.],0.333333333333,6.44828034686,1475449755.18
129.666666667,[ 41.28327078  78.15304107],[ 1.  0.  1.  0.  1.],0.0,6.40230327557,1475449755.18
130.0,[ 41.73282717  77.77766719],[ 1.  0.  1.  0.  0.],0.333333333333,6.44027256522,1475449755.41
130.333333333,[ 42.84305614  76.74063163],[ 1.  1.  0.  0.  0.],0.666666666667,6.47773559769,1475449755.41
130.666666667,[ 43.27181539  76.38408987],[ 1.  0.  1.  0.  0.],1.0,6.57025467861,1475449755.41
131.0,[ 43.69485786  76.03230201],[ 1.  0.  1.  0.  0.],1.33333333333,6.60598461623,1475449755.63
131.333333333,[ 44.11225975  75.68520465],[ 1.  0.  1.  0.  0.],1.66666666667,6.64123815468,1475449755.63
131.666666667,[ 44.52409629  75.34273525],[ 1.  0.  1.  0.  0.],2.0,6.67602164595,1475449755.63
132.0,[ 44.93044167  75.00483212],[ 1.  0.  1.  0.  0.],2.33333333333,6.71034135733,1475449755.86
132.333333333,[ 45.33136912  74.67143436],[ 1.  0.  1.  0.  0.],2.66666666667,6.74420347257,1475449755.86
132.666666667,[ 45.72695086  74.3424819 ],[ 1.  0.  1.  0.  0.],3.0,6.77761409294,1475449755.86
133.0,[ 46.11725818  74.01791547],[ 1.  0.  1.  0.  0.],3.33333333333,6.81057923836,1475449756.09
133.333333333,[ 46.50236141  73.6976766 ],[ 1.  0.  1.  0.  0.],3.66666666667,6.84310484852,1475449756.09
133.666666667,[ 46.88232992  73.38170758],[ 1.  0.  1.  0.  0.],4.0,6.87519678387,1475449756.09
134.0,[ 47.25723219  73.06995148],[ 1.  0.  1.  0.  0.],4.33333333333,6.90686082675,1475449756.32
134.333333333,[ 47.62713576  72.76235212],[ 1.  0.  1.  0.  0.],4.66666666667,6.9381026824,1475449756.32
134.666666667,[ 47.99210728  72.4588541 ],[ 1.  0.  1.  0.  0.],5.0,6.96892797996,1475449756.32
135.0,[ 48.35221252  72.15940271],[ 1.  0.  1.  0.  0.],5.33333333333,6.99934227357,1475449756.55
135.333333333,[ 48.70751635  71.86394401],[ 1.  0.  1.  0.  0.],5.66666666667,7.02935104325,1475449756.55
135.666666667,[ 49.0580828   71.57242475],[ 1.  0.  1.  0.  0.],6.0,7.05895969601,1475449756.55
136.0,[ 49.40397503  71.28479242],[ 1.  0.  1.  0.  0.],6.33333333333,7.08817356673,1475449756.77
136.333333333,[ 49.74525536  71.00099519],[ 1.  0.  1.  0.  0.],6.66666666667,7.11699791917,1475449756.77
136.666666667,[ 50.08198529  70.72098192],[ 1.  0.  1.  0.  0.],7.0,7.14543794692,1475449756.77
137.0,[ 49.41422549  71.77803549],[ 1.  0.  1.  1.  0.],7.33333333333,7.17349877429,1475449757.0
137.333333333,[ 48.75536915  72.82099502],[ 1.  0.  1.  1.  0.],7.66666666667,7.11785212397,1475449757.0
137.666666667,[ 48.10529756  73.85004842],[ 1.  0.  1.  1.  0.],8.0,7.06294742898,1475449757.0
138.0,[ 47.46389359  74.86538111],[ 1.  0.  1.  1.  0.],8.33333333333,7.00877479659,1475449757.24
138.333333333,[ 46.83104168  75.86717603],[ 1.  0.  1.  1.  0.],8.66666666667,6.95532446597,1475449757.25
138.666666667,[ 46.20662779  76.85561368],[ 1.  0.  1.  1.  0.],9.0,6.90258680643,1475449757.25
139.0,[ 45.59053942  77.83087216],[ 1.  0.  1.  1.  0.],9.33333333333,6.85055231567,1475449757.49
139.333333333,[ 44.98266556  78.7931272 ],[ 1.  0.  1.  1.  0.],9.66666666667,6.79921161813,1475449757.49
139.666666667,[ 44.38289668  79.74255217],[ 1.  0.  1.  1.  0.],10.0,6.74855546322,1475449757.49
140.0,[ 43.79112473  80.67931814],[ 1.  0.  1.  1.  0.],10.3333333333,6.69857472371,1475449757.74
140.333333333,[ 43.20724307  81.6035939 ],[ 1.  0.  1.  1.  0.],10.6666666667,6.64926039406,1475449757.74
140.666666667,[ 42.29781316  82.18221265],[ 0.  1.  1.  1.  1.],11.0,6.60060358881,1475449757.74
141.0,[ 42.40050898  81.75311648],[ 0.  1.  1.  0.  0.],0.0,6.52481776318,1475449758.0
141.333333333,[ 43.50183553  80.3297416 ],[ 1.  1.  0.  0.  1.],0.0,6.53337574856,1475449758.0
141.666666667,[ 43.58847772  79.59201171],[ 0.  1.  1.  0.  1.],0.333333333333,6.6251529608,1475449758.0
142.0,[ 43.67396469  79.19745155],[ 0.  1.  1.  0.  0.],0.0,6.63237314355,1475449758.23
142.333333333,[ 43.75831182  78.8081522 ],[ 0.  1.  1.  0.  0.],0.0,6.63949705719,1475449758.23
142.666666667,[ 43.84153433  78.4240435 ],[ 0.  1.  1.  0.  0.],0.0,6.64652598532,1475449758.23
143.0,[ 43.92364721  78.04505625],[ 0.  1.  1.  0.  0.],0.0,6.6534611944,1475449758.45
143.333333333,[ 44.00466525  77.67112217],[ 0.  1.  1.  0.  0.],0.0,6.66030393403,1475449758.46
143.666666667,[ 44.08460304  77.30217388],[ 0.  1.  1.  0.  0.],0.0,6.66705543713,1475449758.46
144.0,[ 44.163475    76.93814489],[ 0.  1.  1.  0.  0.],0.0,6.67371692019,1475449758.68
144.333333333,[ 44.24129534  76.57896963],[ 0.  1.  1.  0.  0.],0.0,6.68028958348,1475449758.68
144.666666667,[ 44.31807806  76.22458336],[ 0.  1.  1.  0.  0.],0.0,6.68677461125,1475449758.68
145.0,[ 44.39383702  75.87492225],[ 0.  1.  1.  0.  0.],0.0,6.69317317199,1475449758.91
145.333333333,[ 44.46858586  75.52992329],[ 0.  1.  1.  0.  0.],0.0,6.69948641859,1475449758.91
145.666666667,[ 43.87567138  74.52285764],[ 0.  0.  0.  0.  0.],0.0,6.70571548856,1475449758.91
146.0,[ 44.29066243  73.86255288],[ 1.  0.  1.  0.  1.],0.0,6.65630594872,1475449759.14
146.333333333,[ 44.70012027  73.5443855 ],[ 1.  0.  1.  0.  0.],0.333333333333,6.69088853607,1475449759.14
146.666666667,[ 45.10411866  73.23046036],[ 1.  0.  1.  0.  0.],0.666666666667,6.72501002225,1475449759.14
147.0,[ 46.16939708  72.25405423],[ 1.  1.  0.  0.  0.],1.0,6.75867655529,1475449759.37
147.333333333,[ 46.55380512  71.9573335 ],[ 1.  0.  1.  0.  0.],1.33333333333,6.84744975677,1475449759.37
147.666666667,[ 46.93308772  71.66456906],[ 1.  0.  1.  0.  0.],1.66666666667,6.87948376002,1475449759.37
148.0,[ 47.30731322  71.37570814],[ 1.  0.  1.  0.  0.],2.0,6.91109064322,1475449759.59
148.333333333,[ 47.67654904  71.09069869],[ 1.  0.  1.  0.  0.],2.33333333333,6.94227610131,1475449759.59
148.666666667,[ 48.04086172  70.80948938],[ 1.  0.  1.  0.  0.],2.66666666667,6.97304575329,1475449759.59
149.0,[ 48.4003169   70.53202952],[ 1.  0.  1.  0.  0.],3.0,7.00340514325,1475449759.83
149.333333333,[ 48.75497934  70.25826913],[ 1.  0.  1.  0.  0.],3.33333333333,7.03335974134,1475449759.83
149.666666667,[ 49.10491295  69.98815887],[ 1.  0.  1.  0.  0.],3.66666666667,7.06291494478,1475449759.83
150.0,[ 49.45018077  69.72165009],[ 1.  0.  1.  0.  0.],4.0,7.09207607885,1475449760.06
150.333333333,[ 49.79084503  69.45869475],[ 1.  0.  1.  0.  0.],4.33333333333,7.1208483978,1475449760.06
150.666666667,[ 50.1269671   69.19924549],[ 1.  0.  1.  0.  0.],4.66666666667,7.14923708583,1475449760.06
151.0,[ 50.45860753  68.94325555],[ 1.  0.  1.  0.  0.],5.0,7.17724725802,1475449760.28
151.333333333,[ 50.7858261   68.69067881],[ 1.  0.  1.  0.  0.],5.33333333333,7.20488396125,1475449760.28
151.666666667,[ 51.10868175  68.44146976],[ 1.  0.  1.  0.  0.],5.66666666667,7.2321521751,1475449760.28
152.0,[ 51.42723266  68.19558349],[ 1.  0.  1.  0.  0.],6.0,7.25905681276,1475449760.51
152.333333333,[ 51.74153623  67.95297571],[ 1.  0.  1.  0.  0.],6.33333333333,7.28560272193,1475449760.51
152.666666667,[ 52.05164908  67.7136027 ],[ 1.  0.  1.  0.  0.],6.66666666667,7.31179468563,1475449760.51
153.0,[ 52.35762709  67.47742133],[ 1.  0.  1.  0.  0.],7.0,7.33763742316,1475449760.74
153.333333333,[ 52.6595254   67.24438905],[ 1.  0.  1.  0.  0.],7.33333333333,7.36313559085,1475449760.74
153.666666667,[ 52.62406506  67.68113053],[ 1.  1.  0.  1.  0.],7.66666666667,7.38829378297,1475449760.74
154.0,[ 52.58907752  68.11204879],[ 1.  1.  0.  1.  0.],8.0,7.38533875475,1475449760.97
154.333333333,[ 52.55455649  68.53722147],[ 1.  1.  0.  1.  0.],8.33333333333,7.38242312691,1475449760.97
154.666666667,[ 52.52049574  68.95672519],[ 1.  1.  0.  1.  0.],8.66666666667,7.37954637411,1475449760.97
155.0,[ 51.82022246  70.03730218],[ 1.  0.  1.  1.  0.],9.0,7.37670797801,1475449761.19
155.333333333,[ 51.79595283  70.43680482],[ 1.  1.  0.  1.  0.],9.33333333333,7.31835187164,1475449761.19
155.666666667,[ 51.10534012  71.49764742],[ 1.  0.  1.  1.  0.],9.66666666667,7.31632940224,1475449761.19
156.0,[ 50.42393559  72.54434546],[ 1.  0.  1.  1.  0.],10.0,7.25877834354,1475449761.42
156.333333333,[ 49.75161645  73.57708752],[ 1.  0.  1.  1.  0.],10.3333333333,7.20199463229,1475449761.42
156.666666667,[ 49.08826156  74.59605968],[ 1.  0.  1.  1.  0.],10.6666666667,7.1459680372,1475449761.42
157.0,[ 48.43375141  75.60144556],[ 1.  0.  1.  1.  0.],11.0,7.09068846337,1475449761.66
157.333333333,[ 47.78796805  76.59342628],[ 1.  0.  1.  1.  0.],11.3333333333,7.03614595052,1475449761.66
157.666666667,[ 47.15079515  77.5721806 ],[ 1.  0.  1.  1.  0.],11.6666666667,6.98233067118,1475449761.66
158.0,[ 47.18878454  77.87121819],[ 1.  1.  0.  1.  0.],12.0,6.9292329289,1475449761.93
158.333333333,[ 46.55960075  78.83293528],[ 1.  0.  1.  1.  0.],12.3333333333,6.93239871207,1475449761.93
158.666666667,[ 45.93880607  79.78182948],[ 1.  0.  1.  1.  0.],12.6666666667,6.87996672924,1475449761.93
159.0,[ 45.99295533  80.05140508],[ 1.  1.  0.  1.  0.],13.0,6.82823383952,1475449762.18
159.333333333,[ 44.37971592  79.98405302],[ 0.  0.  0.  1.  1.],13.3333333333,6.83274627721,1475449762.18
159.666666667,[ 44.78798638  79.25093231],[ 1.  0.  1.  0.  1.],0.0,6.69830966018,1475449762.18
160.0,[ 45.19081322  78.86091988],[ 1.  0.  1.  0.  0.],0.333333333333,6.73233219805,1475449762.4
160.333333333,[ 45.58826905  78.47610761],[ 1.  0.  1.  0.  0.],0.666666666667,6.76590110208,1475449762.4
160.666666667,[ 45.98042546  78.09642618],[ 1.  0.  1.  0.  0.],1.0,6.79902242071,1475449762.4
161.0,[ 46.36735312  77.72180716],[ 1.  0.  1.  0.  0.],1.33333333333,6.83170212177,1475449762.63
161.333333333,[ 46.74912175  77.35218307],[ 1.  0.  1.  0.  0.],1.66666666667,6.86394609348,1475449762.63
161.666666667,[ 47.12580012  76.98748729],[ 1.  0.  1.  0.  0.],2.0,6.89576014557,1475449762.63
162.0,[ 47.49745612  76.62765413],[ 1.  0.  1.  0.  0.],2.33333333333,6.92715001029,1475449762.85
162.333333333,[ 47.86415671  76.27261874],[ 1.  0.  1.  0.  0.],2.66666666667,6.95812134349,1475449762.85
162.666666667,[ 48.22596795  75.92231716],[ 1.  0.  1.  0.  0.],3.0,6.98867972558,1475449762.85
163.0,[ 48.58295504  75.57668626],[ 1.  0.  1.  0.  0.],3.33333333333,7.01883066257,1475449763.08
163.333333333,[ 48.93518231  75.23566378],[ 1.  0.  1.  0.  0.],3.66666666667,7.04857958707,1475449763.08
163.666666667,[ 49.28271321  74.89918826],[ 1.  0.  1.  0.  0.],4.0,7.07793185924,1475449763.08
164.0,[ 49.62561037  74.56719908],[ 1.  0.  1.  0.  0.],4.33333333333,7.10689276778,1475449763.3
164.333333333,[ 49.96393557  74.23963643],[ 1.  0.  1.  0.  0.],4.66666666667,7.13546753088,1475449763.3
164.666666667,[ 50.29774976  73.91644128],[ 1.  0.  1.  0.  0.],5.0,7.16366129713,1475449763.31
165.0,[ 50.62711309  73.59755539],[ 1.  0.  1.  0.  0.],5.33333333333,7.19147914651,1475449763.53
165.333333333,[ 50.95208492  73.28292132],[ 1.  0.  1.  0.  0.],5.66666666667,7.21892609122,1475449763.53
165.666666667,[ 51.93939045  72.3058157 ],[ 1.  1.  0.  0.  0.],6.0,7.24600707667,1475449763.53
166.0,[ 51.91353192  71.6750715 ],[ 0.  1.  1.  0.  1.],6.33333333333,7.32828253787,1475449763.77
166.333333333,[ 51.88801816  71.38607054],[ 0.  1.  1.  0.  0.],0.0,7.32612765959,1475449763.77
166.666666667,[ 51.86284458  71.10092293],[ 0.  1.  1.  0.  0.],0.0,7.32400151302,1475449763.77
167.0,[ 51.83800665  70.8195773 ],[ 0.  1.  1.  0.  0.],0.0,7.32190371506,1475449764.0
167.333333333,[ 51.8134999   70.54198293],[ 0.  1.  1.  0.  0.],0.0,7.31983388775,1475449764.0
167.666666667,[ 51.7893199   70.26808983],[ 0.  1.  1.  0.  0.],0.0,7.31779165814,1475449764.0
168.0,[ 51.09879563  69.33118196],[ 0.  0.  0.  0.  0.],0.0,7.31577665825,1475449764.22
168.333333333,[ 51.08414503  69.07343287],[ 0.  1.  1.  0.  0.],0.0,7.25823296947,1475449764.22
168.666666667,[ 51.06968976  68.81912043],[ 0.  1.  1.  0.  0.],0.0,7.25701208544,1475449764.22
169.0,[ 51.05542723  68.56819882],[ 0.  1.  1.  0.  0.],0.0,7.25580747985,1475449764.45
169.333333333,[ 51.04135487  68.32062284],[ 0.  1.  1.  0.  0.],0.0,7.25461893568,1475449764.45
169.666666667,[ 51.02747013  68.07634787],[ 0.  1.  1.  0.  0.],0.0,7.25344623876,1475449764.45
170.0,[ 51.01377053  67.8353299 ],[ 0.  1.  1.  0.  0.],0.0,7.2522891778,1475449764.68
170.333333333,[ 51.00025359  67.5975255 ],[ 0.  1.  1.  0.  0.],0.0,7.25114754431,1475449764.68
170.666666667,[ 50.98691688  67.36289183],[ 0.  1.  1.  0.  0.],0.0,7.25002113261,1475449764.68
171.0,[ 50.97375799  67.1313866 ],[ 0.  1.  1.  0.  0.],0.0,7.24890973973,1475449764.9
171.333333333,[ 50.96077455  66.90296811],[ 0.  1.  1.  0.  0.],0.0,7.24781316543,1475449764.92
171.666666667,[ 50.94796422  66.67759521],[ 0.  1.  1.  0.  0.],0.0,7.24673121211,1475449765.26
172.0,[ 50.9353247   66.45522727],[ 0.  1.  1.  0.  0.],0.0,7.24566368484,1475449765.81
172.333333333,[ 50.9228537   66.23582424],[ 0.  1.  1.  0.  0.],0.0,7.24461039126,1475449765.92
172.666666667,[ 50.91054898  66.01934658],[ 0.  1.  1.  0.  0.],0.0,7.2435711416,1475449766.26
173.0,[ 50.89840833  65.80575529],[ 0.  1.  1.  0.  0.],0.0,7.2425457486,1475449766.81
173.333333333,[ 50.88642955  65.59501189],[ 0.  1.  1.  0.  0.],0.0,7.24153402751,1475449766.92
173.666666667,[ 50.20794382  64.72041173],[ 0.  0.  0.  0.  0.],0.0,7.24053579603,1475449767.26
174.0,[ 51.20517124  63.52413958],[ 1.  1.  0.  0.  1.],0.0,7.18399531875,1475449767.82
174.333333333,[ 51.52243562  63.34381771],[ 1.  0.  1.  0.  0.],0.333333333333,7.26709760339,1475449767.92
174.666666667,[ 51.83546982  63.16590015],[ 1.  0.  1.  0.  0.],0.666666666667,7.29353630201,1475449768.26
175.0,[ 52.14433022  62.99035481],[ 1.  0.  1.  0.  0.],1.0,7.31962248465,1475449768.81
175.333333333,[ 52.44907248  62.81715008],[ 1.  0.  1.  0.  0.],1.33333333333,7.34536085152,1475449768.92
175.666666667,[ 53.41641818  61.97958808],[ 1.  1.  0.  0.  0.],1.66666666667,7.37075604017,1475449769.26
176.0,[ 53.37086594  61.4865269 ],[ 0.  1.  1.  0.  1.],2.0,7.45136818185,1475449769.81
176.333333333,[ 53.32592106  61.33337321],[ 0.  1.  1.  0.  0.],0.0,7.44757216165,1475449769.92
176.666666667,[ 53.28157545  61.18226157],[ 0.  1.  1.  0.  0.],0.0,7.44382675505,1475449770.26
177.0,[ 53.23782111  61.03316475],[ 0.  1.  1.  0.  0.],0.0,7.44013128721,1475449770.81
177.333333333,[ 53.19465016  60.88605588],[ 0.  1.  1.  0.  0.],0.0,7.43648509227,1475449770.92
177.666666667,[ 53.15205482  60.74090847],[ 0.  1.  1.  0.  0.],0.0,7.43288751326,1475449771.26
178.0,[ 53.11002743  60.59769636],[ 0.  1.  1.  0.  0.],0.0,7.42933790197,1475449771.81
178.333333333,[ 53.06856039  60.45639374],[ 0.  1.  1.  0.  0.],0.0,7.42583561883,1475449771.92
178.666666667,[ 53.02764626  60.31697516],[ 0.  1.  1.  0.  0.],0.0,7.4223800328,1475449772.26
179.0,[ 52.98727764  60.17941549],[ 0.  1.  1.  0.  0.],0.0,7.41897052126,1475449772.81
179.333333333,[ 52.94744727  60.04368995],[ 0.  1.  1.  0.  0.],0.0,7.41560646986,1475449772.92
179.666666667,[ 52.90814797  59.90977408],[ 0.  1.  1.  0.  0.],0.0,7.41228727249,1475449773.26
