./simulation results/2016-10-2_13-3-37.txt

Comfortable Program

simTime, model.x, model.u, model.d, model.z, systemTime

0.0,[ 1.  1.],[ 1.  0.  1.  0.  1.],0.0,3.0,1475431418.08
0.333333333333,[ 1.98666667  1.65333333],[ 1.  0.  1.  0.  0.],0.333333333333,3.08333333333,1475431418.13
0.666666666667,[ 2.96017778  2.29795556],[ 1.  0.  1.  0.  0.],0.666666666667,3.16555555556,1475431418.47
1.0,[ 3.92070874  2.93398281],[ 1.  0.  1.  0.  0.],1.0,3.24668148148,1475431419.06
1.33333333333,[ 5.53509929  2.89486304],[ 1.  1.  0.  0.  0.],1.33333333333,3.3267257284,1475431419.13
1.66666666667,[ 7.12796463  2.85626487],[ 1.  1.  0.  0.  0.],1.66666666667,3.46125827424,1475431419.47
2.0,[ 8.69959177  2.81818134],[ 1.  1.  0.  0.  0.],2.0,3.5939970528,1475431420.02
2.33333333333,[ 10.25026388   2.78060559],[ 1.  1.  0.  0.  0.],2.33333333333,3.72496598099,1475431420.13
2.66666666667,[ 11.78026036   2.74353085],[ 1.  1.  0.  0.  0.],2.66666666667,3.8541886568,1475431420.47
3.0,[ 13.28985689   2.70695043],[ 1.  1.  0.  0.  0.],3.0,3.9816883636,1475431421.02
3.33333333333,[ 14.77932547   2.67085776],[ 1.  1.  0.  0.  0.],3.33333333333,4.1074880743,1475431421.13
3.66666666667,[ 16.24893446   2.63524633],[ 1.  1.  0.  0.  0.],3.66666666667,4.23161045554,1475431421.47
4.0,[ 17.69894867   2.60010971],[ 1.  1.  0.  0.  0.],4.0,4.35407787168,1475431422.02
4.33333333333,[ 19.12962935   2.56544158],[ 1.  1.  0.  0.  0.],4.33333333333,4.47491238895,1475431422.13
4.66666666667,[ 18.54123429   4.86456902],[ 0.  1.  1.  1.  1.],4.66666666667,4.59413577932,1475431422.47
5.0,[ 18.9606845    5.46637477],[ 0.  1.  1.  0.  0.],0.0,4.54510285782,1475431423.01
5.33333333333,[ 20.37454204   5.72682311],[ 1.  1.  0.  0.  1.],0.0,4.58005704194,1475431423.13
5.66666666667,[ 21.76954815   5.65046547],[ 1.  1.  0.  0.  0.],0.333333333333,4.6978785036,1475431423.47
6.0,[ 23.14595417   5.57512593],[ 1.  1.  0.  0.  0.],0.666666666667,4.81412901244,1475431424.01
6.33333333333,[ 24.50400812   5.50079091],[ 1.  1.  0.  0.  0.],1.0,4.9288295145,1475431424.13
6.66666666667,[ 25.84395468   5.42744703],[ 1.  1.  0.  0.  0.],1.33333333333,5.04200067653,1475431424.47
7.0,[ 27.16603528   5.35508107],[ 1.  1.  0.  0.  0.],1.66666666667,5.15366288973,1475431425.02
7.33333333333,[ 28.47048814   5.28367999],[ 1.  1.  0.  0.  0.],2.0,5.26383627342,1475431425.13
7.66666666667,[ 29.7575483    5.21323093],[ 1.  1.  0.  0.  0.],2.33333333333,5.37254067866,1475431425.47
8.0,[ 30.36078099   5.81038785],[ 1.  0.  1.  0.  0.],2.66666666667,5.47979569184,1475431426.01
8.33333333333,[ 31.62263724   5.73291601],[ 1.  1.  0.  0.  0.],3.0,5.53006508261,1475431426.13
8.66666666667,[ 32.86766875   5.65647713],[ 1.  1.  0.  0.  0.],3.33333333333,5.6352197704,1475431426.47
9.0,[ 34.09609983   5.58105743],[ 1.  1.  0.  0.  0.],3.66666666667,5.73897239568,1475431427.02
9.33333333333,[ 35.30815183   5.50664334],[ 1.  1.  0.  0.  0.],4.0,5.84134165263,1475431427.13
9.66666666667,[ 36.50404314   5.43322142],[ 1.  1.  0.  0.  0.],4.33333333333,5.94234598615,1475431427.47
10.0,[ 37.68398923   5.36077847],[ 1.  1.  0.  0.  0.],4.66666666667,6.04200359522,1475431428.02
10.3333333333,[ 38.18153604   5.95596809],[ 1.  0.  1.  0.  0.],5.0,6.14033243618,1475431428.13
10.6666666667,[ 39.33911556   5.87655518],[ 1.  1.  0.  0.  0.],5.33333333333,6.18179467036,1475431428.47
11.0,[ 40.48126069   5.79820112],[ 1.  1.  0.  0.  0.],5.66666666667,6.27825963031,1475431429.02
11.3333333333,[ 41.60817721   5.72089177],[ 1.  1.  0.  0.  0.],6.0,6.3734383908,1475431429.13
11.6666666667,[ 42.72006818   5.64461321],[ 1.  1.  0.  0.  0.],6.33333333333,6.46734810114,1475431429.47
12.0,[ 41.81713394   7.90268503],[ 0.  1.  1.  1.  1.],6.66666666667,6.56000568201,1475431430.02
12.3333333333,[ 42.92623882   8.13064923],[ 1.  1.  0.  0.  1.],0.0,6.48476116181,1475431430.13
12.6666666667,[ 44.02055564   8.02224058],[ 1.  1.  0.  0.  0.],0.333333333333,6.57718656854,1475431430.47
13.0,[ 45.10028156   7.91527737],[ 1.  1.  0.  0.  0.],0.666666666667,6.66837963652,1475431431.02
13.3333333333,[ 46.16561114   7.80974034],[ 1.  1.  0.  0.  0.],1.0,6.75835679692,1475431431.13
13.6666666667,[ 47.21673633   7.70561047],[ 1.  1.  0.  0.  0.],1.33333333333,6.84713426185,1475431431.47
14.0,[ 48.25384651   7.60286899],[ 1.  1.  0.  0.  0.],1.66666666667,6.93472802725,1475431432.03
14.3333333333,[ 49.27712856   7.50149741],[ 1.  1.  0.  0.  0.],2.0,7.02115387577,1475431432.13
14.6666666667,[ 50.28676684   7.40147744],[ 1.  1.  0.  0.  0.],2.33333333333,7.10642737965,1475431432.47
15.0,[ 51.28294328   7.30279108],[ 1.  1.  0.  0.  0.],2.66666666667,7.19056390348,1475431433.02
15.3333333333,[ 52.26583737   7.20542053],[ 1.  1.  0.  0.  0.],3.0,7.27357860699,1475431453.14
15.6666666667,[ 53.23562621   7.10934825],[ 1.  1.  0.  0.  0.],3.33333333333,7.35548644778,1475431453.14
16.0,[ 54.19248453   7.01455694],[ 1.  1.  0.  0.  0.],3.66666666667,7.43630218403,1475431453.38
16.3333333333,[ 55.13658473   6.92102952],[ 1.  1.  0.  0.  0.],4.0,7.51604037714,1475431453.38
16.6666666667,[ 56.06809694   6.82874912],[ 1.  1.  0.  0.  0.],4.33333333333,7.59471539433,1475431453.38
17.0,[ 56.98718898   6.73769914],[ 1.  1.  0.  0.  0.],4.66666666667,7.67234141129,1475431453.61
17.3333333333,[ 57.89402646   6.64786315],[ 1.  1.  0.  0.  0.],5.0,7.7489324147,1475431453.61
17.6666666667,[ 58.78877277   6.55922497],[ 1.  1.  0.  0.  0.],5.33333333333,7.82450220472,1475431453.61
18.0,[ 59.67158913   6.47176864],[ 1.  1.  0.  0.  0.],5.66666666667,7.89906439755,1475431453.85
18.3333333333,[ 60.54263461   6.38547839],[ 1.  1.  0.  0.  0.],6.0,7.97263242781,1475431453.85
18.6666666667,[ 61.40206615   6.30033868],[ 1.  1.  0.  0.  0.],6.33333333333,8.04521955099,1475431453.85
19.0,[ 62.2500386    6.21633416],[ 1.  1.  0.  0.  0.],6.66666666667,8.11683884587,1475431454.08
19.3333333333,[ 63.08670475   6.13344971],[ 1.  1.  0.  0.  0.],7.0,8.18750321681,1475431454.08
19.6666666667,[ 63.91221536   6.05167038],[ 1.  1.  0.  0.  0.],7.33333333333,8.25722539614,1475431454.08
20.0,[ 64.72671915   5.97098144],[ 1.  1.  0.  0.  0.],7.66666666667,8.32601794642,1475431454.32
20.3333333333,[ 65.5303629    5.89136835],[ 1.  1.  0.  0.  0.],8.0,8.39389326269,1475431454.32
20.6666666667,[ 66.32329139   5.81281678],[ 1.  1.  0.  0.  0.],8.33333333333,8.46086357474,1475431454.32
21.0,[ 65.10564751   8.06864589],[ 0.  1.  1.  1.  1.],8.66666666667,8.5269409493,1475431454.56
21.3333333333,[ 65.90423887   8.29439727],[ 1.  1.  0.  0.  1.],0.0,8.42547062553,1475431454.56
21.6666666667,[ 66.69218235   8.18380531],[ 1.  1.  0.  0.  0.],0.333333333333,8.49201990608,1475431454.56
22.0,[ 67.46961992   8.07468791],[ 1.  1.  0.  0.  0.],0.666666666667,8.55768186289,1475431454.79
22.3333333333,[ 68.23669166   7.9670254 ],[ 1.  1.  0.  0.  0.],1.0,8.62246832694,1475431454.79
22.6666666667,[ 68.99353577   7.8607984 ],[ 1.  1.  0.  0.  0.],1.33333333333,8.68639097147,1475431454.79
23.0,[ 69.07362196   8.42265442],[ 1.  0.  1.  0.  0.],1.66666666667,8.74946131407,1475431455.02
23.3333333333,[ 69.819307     8.31035236],[ 1.  1.  0.  0.  0.],2.0,8.75613516321,1475431455.02
23.6666666667,[ 70.55504957   8.19954766],[ 1.  1.  0.  0.  0.],2.33333333333,8.81827558326,1475431455.02
24.0,[ 71.28098224   8.09022036],[ 1.  1.  0.  0.  0.],2.66666666667,8.87958746437,1475431455.24
24.3333333333,[ 71.99723581   7.98235075],[ 1.  1.  0.  0.  0.],3.0,8.94008185374,1475431455.24
24.6666666667,[ 72.70393934   7.87591941],[ 1.  1.  0.  0.  0.],3.33333333333,8.99976965124,1475431455.24
25.0,[ 73.40122015   7.77090715],[ 1.  1.  0.  0.  0.],3.66666666667,9.05866161145,1475431455.47
25.3333333333,[ 74.08920388   7.66729506],[ 1.  1.  0.  0.  0.],4.0,9.11676834552,1475431455.47
25.6666666667,[ 74.10134783   8.23173112],[ 1.  0.  1.  0.  0.],4.33333333333,9.17410032313,1475431455.47
26.0,[ 74.11332985   8.78864137],[ 1.  0.  1.  0.  0.],4.66666666667,9.17511231882,1475431455.73
26.3333333333,[ 74.12515212   9.33812615],[ 1.  0.  1.  0.  0.],5.0,9.17611082124,1475431455.74
26.6666666667,[ 74.13681676   9.88028447],[ 1.  0.  1.  0.  0.],5.33333333333,9.17709601029,1475431455.74
27.0,[ 74.14832587  10.41521401],[ 1.  0.  1.  0.  0.],5.66666666667,9.17806806349,1475431456.0
27.3333333333,[ 74.15968153  10.94301116],[ 1.  0.  1.  0.  0.],6.0,9.17902715597,1475431456.0
27.6666666667,[ 74.17088577  11.46377101],[ 1.  0.  1.  0.  0.],6.33333333333,9.17997346056,1475431456.0
28.0,[ 73.18194063  11.64425406],[ 0.  0.  0.  0.  1.],6.66666666667,9.18090714775,1475431456.24
28.3333333333,[ 72.20618142  11.48899734],[ 0.  0.  0.  0.  0.],0.0,9.09849505245,1475431456.24
28.6666666667,[ 71.24343234  11.33581071],[ 0.  0.  0.  0.  0.],0.0,9.01718178508,1475431456.24
29.0,[ 71.2935199   12.18466657],[ 1.  0.  1.  0.  1.],0.0,8.93695269462,1475431456.62
29.3333333333,[ 71.34293964  12.68887101],[ 1.  0.  1.  0.  0.],0.333333333333,8.94112665869,1475431456.63
29.6666666667,[ 71.39170044  13.18635273],[ 1.  0.  1.  0.  0.],0.666666666667,8.9452449699,1475431456.63
30.0,[ 71.4398111   13.67720136],[ 1.  0.  1.  0.  0.],1.0,8.94930837031,1475431456.89
30.3333333333,[ 71.48728029  14.16150535],[ 1.  0.  1.  0.  0.],1.33333333333,8.95331759203,1475431456.89
30.6666666667,[ 71.53411655  14.63935194],[ 1.  0.  1.  0.  0.],1.66666666667,8.95727335747,1475431456.89
31.0,[ 71.58032833  15.11082725],[ 1.  0.  1.  0.  0.],2.0,8.96117637937,1475431457.15
31.3333333333,[ 71.62592395  15.57601622],[ 1.  0.  1.  0.  0.],2.33333333333,8.96502736098,1475431457.15
31.6666666667,[ 71.67091163  16.03500267],[ 1.  0.  1.  0.  0.],2.66666666667,8.96882699617,1475431457.15
32.0,[ 71.38196615  16.82120263],[ 0.  1.  1.  0.  1.],3.0,8.97257596955,1475431457.39
32.3333333333,[ 70.4302066   16.59691993],[ 0.  0.  0.  0.  0.],0.0,8.94849717885,1475431457.39
32.6666666667,[ 69.49113718  16.37562767],[ 0.  0.  0.  0.  0.],0.0,8.86918388313,1475431457.39
33.0,[ 69.56458868  17.15728596],[ 1.  0.  1.  0.  1.],0.0,8.79092809802,1475431457.64
33.3333333333,[ 69.63706083  17.59518882],[ 1.  0.  1.  0.  0.],0.333333333333,8.79704905672,1475431457.64
33.6666666667,[ 69.70856669  18.02725297],[ 1.  0.  1.  0.  0.],0.666666666667,8.80308840263,1475431457.64
34.0,[ 68.77911913  18.12022293],[ 0.  0.  0.  0.  1.],1.0,8.80904722392,1475431457.9
34.3333333333,[ 67.86206421  17.87861996],[ 0.  0.  0.  0.  0.],0.0,8.73159326094,1475431457.9
34.6666666667,[ 66.95723669  17.64023836],[ 0.  0.  0.  0.  0.],0.0,8.65517201746,1475431457.9
35.0,[ 67.06447353  18.40503518],[ 1.  0.  1.  0.  1.],0.0,8.57976972389,1475431458.13
35.3333333333,[ 67.17028055  18.82630138],[ 1.  0.  1.  0.  0.],0.333333333333,8.58870612758,1475431458.13
35.6666666667,[ 67.27467681  19.24195069],[ 1.  0.  1.  0.  0.],0.666666666667,8.59752337921,1475431458.13
36.0,[ 67.37768112  19.65205801],[ 1.  0.  1.  0.  0.],1.0,8.60622306748,1475431458.36
36.3333333333,[ 67.47931204  20.05669724],[ 1.  0.  1.  0.  0.],1.33333333333,8.61480675992,1475431458.36
36.6666666667,[ 67.57958788  20.45594128],[ 1.  0.  1.  0.  0.],1.66666666667,8.62327600312,1475431458.36
37.0,[ 67.67852671  20.84986206],[ 1.  0.  1.  0.  0.],2.0,8.63163232308,1475431458.67
37.3333333333,[ 67.77614635  21.23853057],[ 1.  0.  1.  0.  0.],2.33333333333,8.63987722544,1475431458.67
37.6666666667,[ 67.8724644   21.62201683],[ 1.  0.  1.  0.  0.],2.66666666667,8.64801219576,1475431458.67
38.0,[ 66.96749821  21.6670566 ],[ 0.  0.  0.  0.  1.],3.0,8.65603869982,1475431458.94
38.3333333333,[ 66.07459823  21.37816251],[ 0.  0.  0.  0.  0.],0.0,8.58062485049,1475431458.94
38.6666666667,[ 65.19360359  21.09312035],[ 0.  0.  0.  0.  0.],0.0,8.50621651915,1475431458.94
39.0,[ 65.32435554  21.81187874],[ 1.  0.  1.  0.  1.],0.0,8.43280029889,1475431459.17
39.3333333333,[ 65.45336413  22.18772036],[ 1.  0.  1.  0.  0.],0.333333333333,8.44369629491,1475431459.17
39.6666666667,[ 65.58065261  22.55855075],[ 1.  0.  1.  0.  0.],0.666666666667,8.45444701098,1475431459.17
40.0,[ 65.70624391  22.92443674],[ 1.  0.  1.  0.  0.],1.0,8.46505438416,1475431459.46
40.3333333333,[ 65.83016066  23.28544425],[ 1.  0.  1.  0.  0.],1.33333333333,8.47552032571,1475431459.46
40.6666666667,[ 65.95242518  23.64163833],[ 1.  0.  1.  0.  0.],1.66666666667,8.48584672137,1475431459.46
41.0,[ 66.07305951  23.99308315],[ 1.  0.  1.  0.  0.],2.0,8.49603543175,1475431459.7
41.3333333333,[ 66.19208539  24.33984204],[ 1.  0.  1.  0.  0.],2.33333333333,8.50608829266,1475431459.7
41.6666666667,[ 66.30952425  24.68197748],[ 1.  0.  1.  0.  0.],2.66666666667,8.51600711542,1475431459.7
42.0,[ 65.42539726  24.68621778],[ 0.  0.  0.  0.  1.],3.0,8.52579368722,1475431460.07
42.3333333333,[ 64.55305863  24.35706821],[ 0.  0.  0.  0.  0.],0.0,8.45211643805,1475431460.13
42.6666666667,[ 63.69235118  24.0323073 ],[ 0.  0.  0.  0.  0.],0.0,8.37942155221,1475431460.47
43.0,[ 63.84311983  24.71187654],[ 1.  0.  1.  0.  1.],0.0,8.30769593152,1475431461.09
43.3333333333,[ 63.99187823  25.04905152],[ 1.  0.  1.  0.  0.],0.333333333333,8.32025998576,1475431461.13
43.6666666667,[ 64.13865319  25.38173083],[ 1.  0.  1.  0.  0.],0.666666666667,8.33265651929,1475431461.47
44.0,[ 64.28347115  25.70997442],[ 1.  0.  1.  0.  0.],1.0,8.3448877657,1475431462.08
44.3333333333,[ 64.4263582   26.03384143],[ 1.  0.  1.  0.  0.],1.33333333333,8.35695592882,1475431462.13
44.6666666667,[ 64.56734009  26.35339021],[ 1.  0.  1.  0.  0.],1.66666666667,8.3688631831,1475431462.47
45.0,[ 63.70644222  26.33534501],[ 0.  0.  0.  0.  1.],2.0,8.38061167399,1475431463.07
45.3333333333,[ 62.85702299  25.98420707],[ 0.  0.  0.  0.  0.],0.0,8.30887018501,1475431463.13
45.6666666667,[ 62.01892935  25.63775098],[ 0.  0.  0.  0.  0.],0.0,8.23808524921,1475431463.47
46.0,[ 62.19201029  26.2959143 ],[ 1.  0.  1.  0.  1.],0.0,8.16824411255,1475431464.08
46.3333333333,[ 62.36278349  26.61196878],[ 1.  0.  1.  0.  0.],0.333333333333,8.18266752438,1475431464.13
46.6666666667,[ 62.53127971  26.92380919],[ 1.  0.  1.  0.  0.],0.666666666667,8.19689862406,1475431464.47
47.0,[ 62.69752931  27.23149174],[ 1.  0.  1.  0.  0.],1.0,8.21093997574,1475431465.05
47.3333333333,[ 62.86156226  27.53507185],[ 1.  0.  1.  0.  0.],1.33333333333,8.2247941094,1475431465.13
47.6666666667,[ 63.02340809  27.83460422],[ 1.  0.  1.  0.  0.],1.66666666667,8.23846352127,1475431465.47
48.0,[ 63.18309598  28.13014283],[ 1.  0.  1.  0.  0.],2.0,8.25195067432,1475431466.07
48.3333333333,[ 63.3406547   28.42174093],[ 1.  0.  1.  0.  0.],2.33333333333,8.26525799866,1475431466.13
48.6666666667,[ 63.49611264  28.70945105],[ 1.  0.  1.  0.  0.],2.66666666667,8.27838789201,1475431466.47
49.0,[ 62.64949781  28.6599917 ],[ 0.  0.  0.  0.  1.],3.0,8.29134272012,1475431467.06
49.3333333333,[ 61.81417117  28.27785848],[ 0.  0.  0.  0.  0.],0.0,8.22079148385,1475431467.13
49.6666666667,[ 60.98998222  27.90082037],[ 0.  0.  0.  0.  0.],0.0,8.15118093073,1475431467.47
50.0,[ 61.17678246  28.52880943],[ 1.  0.  1.  0.  1.],0.0,8.08249851832,1475431468.06
50.3333333333,[ 62.02775869  28.1484253 ],[ 1.  1.  0.  0.  0.],0.333333333333,8.09806520475,1475431468.13
50.6666666667,[ 62.20072191  28.43977963],[ 1.  0.  1.  0.  0.],0.666666666667,8.1689798909,1475431468.47
51.0,[ 62.37137895  28.72724924],[ 1.  0.  1.  0.  0.],1.0,8.18339349236,1475431469.08
51.3333333333,[ 62.53976056  29.01088591],[ 1.  0.  1.  0.  0.],1.33333333333,8.19761491246,1475431469.13
51.6666666667,[ 62.70589709  29.29074077],[ 1.  0.  1.  0.  0.],1.66666666667,8.21164671363,1475431469.47
52.0,[ 61.86981846  29.23353089],[ 0.  0.  0.  0.  1.],2.0,8.22549142411,1475431470.06
52.3333333333,[ 61.04488755  28.84375048],[ 0.  0.  0.  0.  0.],0.0,8.15581820513,1475431470.13
52.6666666667,[ 60.23095571  28.45916714],[ 0.  0.  0.  0.  0.],0.0,8.08707396239,1475431470.47
53.0,[ 60.42787631  29.07971158],[ 1.  0.  1.  0.  1.],0.0,8.01924630956,1475431471.02
53.3333333333,[ 60.62217129  29.35864876],[ 1.  0.  1.  0.  0.],0.333333333333,8.03565635876,1475431471.13
53.6666666667,[ 60.81387567  29.63386677],[ 1.  0.  1.  0.  0.],0.666666666667,8.05184760731,1475431471.47
54.0,[ 61.00302399  29.90541522],[ 1.  0.  1.  0.  0.],1.0,8.06782297255,1475431472.07
54.3333333333,[ 61.18965034  30.17334301],[ 1.  0.  1.  0.  0.],1.33333333333,8.08358533292,1475431472.13
54.6666666667,[ 61.37378834  30.43769844],[ 1.  0.  1.  0.  0.],1.66666666667,8.09913752848,1475431472.47
55.0,[ 61.55547116  30.69852913],[ 1.  0.  1.  0.  0.],2.0,8.11448236143,1475431473.06
55.3333333333,[ 61.73473154  30.95588207],[ 1.  0.  1.  0.  0.],2.33333333333,8.12962259661,1475431473.13
55.6666666667,[ 61.91160179  31.20980364],[ 1.  0.  1.  0.  0.],2.66666666667,8.14456096199,1475431473.47
56.0,[ 61.75278043  31.79367293],[ 0.  1.  1.  0.  1.],3.0,8.15930014916,1475431474.06
56.3333333333,[ 60.92941003  31.36975729],[ 0.  0.  0.  0.  0.],0.0,8.14606503606,1475431474.13
56.6666666667,[ 60.11701789  30.95149386],[ 0.  0.  0.  0.  0.],0.0,8.07745083558,1475431474.47
57.0,[ 60.31545765  31.53880727],[ 1.  0.  1.  0.  1.],0.0,8.00975149111,1475431475.06
57.3333333333,[ 61.17791822  31.11828984],[ 1.  1.  0.  0.  0.],0.333333333333,8.02628813789,1475431475.13
57.6666666667,[ 61.36221264  31.37004598],[ 1.  0.  1.  0.  0.],0.666666666667,8.09815985161,1475431475.47
58.0,[ 60.54404981  31.28511203],[ 0.  0.  0.  0.  1.],1.0,8.11351772026,1475431476.06
58.3333333333,[ 59.73679581  30.86797721],[ 0.  0.  0.  0.  0.],0.0,8.04533748399,1475431476.13
58.6666666667,[ 58.9403052   30.45640418],[ 0.  0.  0.  0.  0.],0.0,7.97806631753,1475431476.47
59.0,[ 59.15443446  31.05031879],[ 1.  0.  1.  0.  1.],0.0,7.91169209997,1475431477.08
59.3333333333,[ 59.36570867  31.3029812 ],[ 1.  0.  1.  0.  0.],0.333333333333,7.9295362053,1475431477.13
59.6666666667,[ 59.57416589  31.55227479],[ 1.  0.  1.  0.  0.],0.666666666667,7.94714238923,1475431477.47
60.0,[ 59.77984368  31.79824446],[ 1.  0.  1.  0.  0.],1.0,7.96451382404,1475431478.07
60.3333333333,[ 59.98277909  32.04093453],[ 1.  0.  1.  0.  0.],1.33333333333,7.98165363972,1475431478.13
60.6666666667,[ 60.18300871  32.28038874],[ 1.  0.  1.  0.  0.],1.66666666667,7.99856492452,1475431478.47
61.0,[ 60.38056859  32.51665022],[ 1.  0.  1.  0.  0.],2.0,8.01525072553,1475431479.07
61.3333333333,[ 60.57549434  32.74976155],[ 1.  0.  1.  0.  0.],2.33333333333,8.03171404919,1475431479.13
61.6666666667,[ 60.76782108  32.97976473],[ 1.  0.  1.  0.  0.],2.66666666667,8.04795786187,1475431479.47
62.0,[ 60.62425014  33.54003453],[ 0.  1.  1.  0.  1.],3.0,8.06398509037,1475431480.06
62.3333333333,[ 59.8159268   33.09283407],[ 0.  0.  0.  0.  0.],0.0,8.05202084472,1475431480.13
62.6666666667,[ 59.01838111  32.65159629],[ 0.  0.  0.  0.  0.],0.0,7.98466056679,1475431480.47
63.0,[ 59.23146936  33.21624167],[ 1.  0.  1.  0.  1.],0.0,7.9181984259,1475431481.07
63.3333333333,[ 59.44171644  33.44002511],[ 1.  0.  1.  0.  0.],0.333333333333,7.93595578023,1475431481.13
63.6666666667,[ 59.64916022  33.66082478],[ 1.  0.  1.  0.  0.],0.666666666667,7.95347636982,1475431481.47
64.0,[ 58.85383808  33.54534711],[ 0.  0.  0.  0.  1.],1.0,7.97076335156,1475431482.07
64.3333333333,[ 58.73578691  33.76474249],[ 0.  1.  1.  0.  0.],0.0,7.90448650687,1475431482.13
64.6666666667,[ 57.95264308  33.31454592],[ 0.  0.  0.  0.  0.],0.0,7.894648909,1475431482.47
65.0,[ 58.17994117  33.87035197],[ 1.  0.  1.  0.  1.],0.0,7.82938692355,1475431483.03
65.3333333333,[ 58.40420863  34.08541395],[ 1.  0.  1.  0.  0.],0.333333333333,7.84832843123,1475431483.13
65.6666666667,[ 58.62548584  34.29760843],[ 1.  0.  1.  0.  0.],0.666666666667,7.86701738548,1475431483.47
66.0,[ 58.8438127   34.50697365],[ 1.  0.  1.  0.  0.],1.0,7.88545715368,1475431484.06
66.3333333333,[ 59.05922853  34.71354733],[ 1.  0.  1.  0.  0.],1.33333333333,7.9036510583,1475431484.13
66.6666666667,[ 59.27177215  34.9173667 ],[ 1.  0.  1.  0.  0.],1.66666666667,7.92160237752,1475431484.47
67.0,[ 58.48148185  34.78513515],[ 0.  0.  0.  0.  1.],2.0,7.93931434582,1475431485.04
67.3333333333,[ 57.70172876  34.32133335],[ 0.  0.  0.  0.  0.],0.0,7.87345682121,1475431485.13
67.6666666667,[ 57.59903905  34.53038223],[ 0.  1.  1.  0.  0.],0.0,7.80847739692,1475431485.47
68.0,[ 58.49771853  34.40331047],[ 1.  1.  0.  0.  1.],0.0,7.79991992052,1475431486.01
68.3333333333,[ 59.38441561  33.94459966],[ 1.  1.  0.  0.  0.],0.333333333333,7.87480987714,1475431486.13
68.6666666667,[ 60.25929007  33.492005  ],[ 1.  1.  0.  0.  0.],0.666666666667,7.948701301,1475431486.47
69.0,[ 61.12249954  33.04544494],[ 1.  1.  0.  0.  0.],1.0,8.02160750587,1475431487.01
69.3333333333,[ 61.97419954  32.604839  ],[ 1.  1.  0.  0.  0.],1.33333333333,8.09354162802,1475431487.13
69.6666666667,[ 62.81454355  32.17010782],[ 1.  1.  0.  0.  0.],1.66666666667,8.16451662853,1475431487.47
70.0,[ 63.64368297  31.74117305],[ 1.  1.  0.  0.  0.],2.0,8.23454529571,1475431488.01
70.3333333333,[ 64.46176719  31.31795741],[ 1.  1.  0.  0.  0.],2.33333333333,8.30364024732,1475431488.13
70.6666666667,[ 65.26894363  30.90038464],[ 1.  1.  0.  0.  0.],2.66666666667,8.37181393291,1475431488.47
71.0,[ 66.06535772  30.48837951],[ 1.  1.  0.  0.  0.],3.0,8.43907863603,1475431489.02
71.3333333333,[ 66.85115295  30.08186778],[ 1.  1.  0.  0.  0.],3.33333333333,8.50544647644,1475431489.13
71.6666666667,[ 67.62647091  29.68077621],[ 1.  1.  0.  0.  0.],3.66666666667,8.57092941231,1475431489.47
72.0,[ 68.3914513   29.28503253],[ 1.  1.  0.  0.  0.],4.0,8.63553924236,1475431490.02
72.3333333333,[ 69.14623195  28.89456543],[ 1.  1.  0.  0.  0.],4.33333333333,8.69928760802,1475431490.13
72.6666666667,[ 69.89094885  28.50930456],[ 1.  1.  0.  0.  0.],4.66666666667,8.76218599547,1475431490.47
73.0,[ 70.6257362  28.1291805],[ 1.  1.  0.  0.  0.],5.0,8.82424573775,1475431491.01
73.3333333333,[ 71.35072639  27.75412476],[ 1.  1.  0.  0.  0.],5.33333333333,8.8854780168,1475431491.13
73.6666666667,[ 72.06605003  27.38406976],[ 1.  1.  0.  0.  0.],5.66666666667,8.94589386547,1475431491.47
74.0,[ 72.77183603  27.01894883],[ 1.  1.  0.  0.  0.],6.0,9.00550416949,1475431492.0
74.3333333333,[ 73.46821155  26.65869618],[ 1.  1.  0.  0.  0.],6.33333333333,9.06431966945,1475431492.13
74.6666666667,[ 74.15530207  26.3032469 ],[ 1.  1.  0.  0.  0.],6.66666666667,9.12235096274,1475431492.47
75.0,[ 74.83323137  25.95253694],[ 1.  1.  0.  0.  0.],7.0,9.17960850546,1475431493.02
75.3333333333,[ 75.50212162  25.60650311],[ 1.  1.  0.  0.  0.],7.33333333333,9.23610261428,1475431493.13
75.6666666667,[ 76.16209333  25.26508307],[ 1.  1.  0.  0.  0.],7.66666666667,9.29184346831,1475431493.47
76.0,[ 76.81326542  24.9282153 ],[ 1.  1.  0.  0.  0.],8.0,9.34684111096,1475431494.02
76.3333333333,[ 77.45575521  24.59583909],[ 1.  1.  0.  0.  0.],8.33333333333,9.4011054517,1475431494.13
76.6666666667,[ 78.08967848  24.26789457],[ 1.  1.  0.  0.  0.],8.66666666667,9.4546462679,1475431494.47
77.0,[ 78.71514943  23.94432264],[ 1.  1.  0.  0.  0.],9.0,9.50747320655,1475431495.01
77.3333333333,[ 79.33228077  23.62506501],[ 1.  1.  0.  0.  0.],9.33333333333,9.55959578602,1475431495.13
77.6666666667,[ 77.9411837   25.64339748],[ 0.  1.  1.  1.  1.],9.66666666667,9.61102339776,1475431495.47
78.0,[ 77.56863458  25.96815218],[ 0.  1.  1.  0.  0.],0.0,9.49509864134,1475431496.01
78.3333333333,[ 78.20105279  25.95524348],[ 1.  1.  0.  0.  1.],0.0,9.46405288168,1475431496.13
78.6666666667,[ 78.82503875  25.60917357],[ 1.  1.  0.  0.  0.],0.333333333333,9.51675439881,1475431496.47
79.0,[ 79.4407049   25.26771792],[ 1.  1.  0.  0.  0.],0.666666666667,9.56875322905,1475431497.01
79.3333333333,[ 80.04816217  24.93081501],[ 1.  1.  0.  0.  0.],1.0,9.62005874155,1475431497.13
79.6666666667,[ 80.64752     24.59840415],[ 1.  1.  0.  0.  0.],1.33333333333,9.67068018056,1475431497.47
80.0,[ 81.2388864   24.27042542],[ 1.  1.  0.  0.  0.],1.66666666667,9.72062666704,1475431498.01
80.3333333333,[ 81.82236792  23.94681975],[ 1.  1.  0.  0.  0.],2.0,9.76990720037,1475431498.13
80.6666666667,[ 82.39806968  23.62752882],[ 1.  1.  0.  0.  0.],2.33333333333,9.81853065992,1475431498.47
81.0,[ 82.96609542  23.3124951 ],[ 1.  1.  0.  0.  0.],2.66666666667,9.86650580667,1475431499.0
81.3333333333,[ 83.52654748  23.00166184],[ 1.  1.  0.  0.  0.],3.0,9.91384128481,1475431499.13
81.6666666667,[ 84.07952685  22.69497301],[ 1.  1.  0.  0.  0.],3.33333333333,9.96054562323,1475431499.47
82.0,[ 84.62513315  22.39237337],[ 1.  1.  0.  0.  0.],3.66666666667,10.0066272371,1475431500.02
82.3333333333,[ 85.16346471  22.09380839],[ 1.  1.  0.  0.  0.],4.0,10.0520944295,1475431500.13
82.6666666667,[ 85.69461852  21.79922428],[ 1.  1.  0.  0.  0.],4.33333333333,10.0969553927,1475431500.47
83.0,[ 86.21869027  21.50856796],[ 1.  1.  0.  0.  0.],4.66666666667,10.1412182097,1475431501.01
83.3333333333,[ 86.06910773  21.88845372],[ 1.  0.  1.  0.  0.],5.0,10.1848908558,1475431501.13
83.6666666667,[ 86.5881863   21.59660767],[ 1.  1.  0.  0.  0.],5.33333333333,10.1724256444,1475431501.47
84.0,[ 87.10034381  21.3086529 ],[ 1.  1.  0.  0.  0.],5.66666666667,10.2156821913,1475431502.03
84.3333333333,[ 86.93900589  21.69120419],[ 1.  0.  1.  0.  0.],6.0,10.2583619843,1475431502.13
84.6666666667,[ 86.77981915  22.06865481],[ 1.  0.  1.  0.  0.],6.33333333333,10.2449171579,1475431502.47
85.0,[ 85.62275489  22.10773941],[ 0.  0.  0.  0.  1.],6.66666666667,10.2316515958,1475431503.01
85.3333333333,[ 84.48111816  21.81296955],[ 0.  0.  0.  0.  0.],0.0,10.1352295745,1475431503.13
85.6666666667,[ 83.35470325  21.52212996],[ 0.  0.  0.  0.  0.],0.0,10.0400931802,1475431503.47
86.0,[ 82.24330721  21.23516822],[ 0.  0.  0.  0.  0.],0.0,9.9462252711,1475431504.01
86.3333333333,[ 81.14672978  20.95203265],[ 0.  0.  0.  0.  0.],0.0,9.85360893415,1475431504.13
86.6666666667,[ 80.06477338  20.67267221],[ 0.  0.  0.  0.  0.],0.0,9.7622274817,1475431504.47
87.0,[ 78.99724307  20.39703658],[ 0.  0.  0.  0.  0.],0.0,9.67206444861,1475431505.02
87.3333333333,[ 77.9439465   20.12507609],[ 0.  0.  0.  0.  0.],0.0,9.58310358929,1475431505.13
87.6666666667,[ 76.90469388  19.85674175],[ 0.  0.  0.  0.  0.],0.0,9.49532887477,1475431505.47
88.0,[ 75.87929796  19.59198519],[ 0.  0.  0.  0.  0.],0.0,9.40872448977,1475431506.02
88.3333333333,[ 74.86757399  19.33075872],[ 0.  0.  0.  0.  0.],0.0,9.32327482991,1475431506.13
88.6666666667,[ 73.86933967  19.07301527],[ 0.  0.  0.  0.  0.],0.0,9.23896449884,1475431506.47
89.0,[ 72.88441514  18.8187084 ],[ 0.  0.  0.  0.  0.],0.0,9.15577830553,1475431507.01
89.3333333333,[ 71.91262294  18.56779229],[ 0.  0.  0.  0.  0.],0.0,9.07370126145,1475431507.13
89.6666666667,[ 70.95378796  18.32022172],[ 0.  0.  0.  0.  0.],0.0,8.99271857797,1475431507.47
90.0,[ 70.67440412  18.74261877],[ 0.  1.  1.  0.  0.],0.0,8.91281566359,1475431508.04
90.3333333333,[ 69.73207874  18.49271718],[ 0.  0.  0.  0.  0.],0.0,8.88953367697,1475431508.13
90.6666666667,[ 68.80231769  18.24614762],[ 0.  0.  0.  0.  0.],0.0,8.81100656127,1475431508.47
91.0,[ 68.88495345  19.00286565],[ 1.  0.  1.  0.  1.],0.0,8.73352647379,1475431509.07
91.3333333333,[ 68.9664874   19.41616078],[ 1.  0.  1.  0.  0.],0.333333333333,8.74041278747,1475431509.13
91.6666666667,[ 69.04693424  19.8239453 ],[ 1.  0.  1.  0.  0.],0.666666666667,8.74720728364,1475431509.47
92.0,[ 68.12630845  19.89295936],[ 0.  0.  0.  0.  1.],1.0,8.75391118653,1475431510.03
92.3333333333,[ 67.21795767  19.62771991],[ 0.  0.  0.  0.  0.],0.0,8.67719237071,1475431510.13
92.6666666667,[ 66.32171823  19.36601697],[ 0.  0.  0.  0.  0.],0.0,8.60149647243,1475431510.47
93.0,[ 66.43742866  20.10780341],[ 1.  0.  1.  0.  1.],0.0,8.5268098528,1475431511.06
93.3333333333,[ 66.55159628  20.50636604],[ 1.  0.  1.  0.  0.],0.333333333333,8.53645238809,1475431511.13
93.6666666667,[ 66.66424166  20.89961449],[ 1.  0.  1.  0.  0.],0.666666666667,8.54596635625,1475431511.47
94.0,[ 66.7753851   21.28761963],[ 1.  0.  1.  0.  0.],1.0,8.5553534715,1475431512.09
94.3333333333,[ 66.88504663  21.67045137],[ 1.  0.  1.  0.  0.],1.33333333333,8.56461542521,1475431512.13
94.6666666667,[ 66.99324601  22.04817868],[ 1.  0.  1.  0.  0.],1.66666666667,8.57375388621,1475431512.47
95.0,[ 67.10000273  22.42086963],[ 1.  0.  1.  0.  0.],2.0,8.58277050106,1475431513.03
95.3333333333,[ 67.20533603  22.78859137],[ 1.  0.  1.  0.  0.],2.33333333333,8.59166689438,1475431513.13
95.6666666667,[ 67.30926488  23.15141015],[ 1.  0.  1.  0.  0.],2.66666666667,8.60044466912,1475431513.47
96.0,[ 66.41180802  23.17605802],[ 0.  0.  0.  0.  1.],3.0,8.60910540687,1475431514.06
96.3333333333,[ 65.52631724  22.86704391],[ 0.  0.  0.  0.  0.],0.0,8.53431733478,1475431514.13
96.6666666667,[ 65.31929968  23.22881666],[ 0.  1.  1.  0.  0.],0.0,8.46052643698,1475431514.47
97.0,[ 66.11504235  23.25243244],[ 1.  1.  0.  0.  1.],0.0,8.44327497338,1475431515.01
97.3333333333,[ 66.90017512  22.9424    ],[ 1.  1.  0.  0.  0.],0.333333333333,8.50958686262,1475431515.13
97.6666666667,[ 67.67483945  22.63650134],[ 1.  1.  0.  0.  0.],0.666666666667,8.57501459334,1475431515.47
98.0,[ 68.43917493  22.33468132],[ 1.  1.  0.  0.  0.],1.0,8.63956995432,1475431516.01
98.3333333333,[ 69.19331926  22.03688557],[ 1.  1.  0.  0.  0.],1.33333333333,8.70326457715,1475431516.13
98.6666666667,[ 69.93740834  21.74306043],[ 1.  1.  0.  0.  0.],1.66666666667,8.76610993834,1475431516.47
99.0,[ 70.67157623  21.45315295],[ 1.  1.  0.  0.  0.],2.0,8.82811736139,1475431517.02
99.3333333333,[ 71.39595521  21.16711092],[ 1.  1.  0.  0.  0.],2.33333333333,8.88929801879,1475431517.13
99.6666666667,[ 71.44400914  21.55154944],[ 1.  0.  1.  0.  0.],2.66666666667,8.9496629341,1475431517.47
100.0,[ 70.49142235  21.59752878],[ 0.  0.  0.  0.  1.],3.0,8.95366742831,1475431518.03
100.333333333,[ 69.55153672  21.30956173],[ 0.  0.  0.  0.  0.],0.0,8.87428519593,1475431518.13
100.666666667,[ 68.6241829   21.02543424],[ 0.  0.  0.  0.  0.],0.0,8.79596139332,1475431518.47
101.0,[ 67.70919379  20.74509511],[ 0.  0.  0.  0.  0.],0.0,8.71868190807,1475431519.06
101.333333333,[ 66.80640454  20.46849385],[ 0.  0.  0.  0.  0.],0.0,8.64243281597,1475431519.13
101.666666667,[ 65.91565248  20.19558059],[ 0.  0.  0.  0.  0.],0.0,8.56720037842,1475431519.47
102.0,[ 66.03677711  20.92630619],[ 1.  0.  1.  0.  1.],0.0,8.49297104004,1475431520.01
102.333333333,[ 66.15628675  21.31395544],[ 1.  0.  1.  0.  0.],0.333333333333,8.50306475951,1475431520.13
102.666666667,[ 66.27420293  21.69643603],[ 1.  0.  1.  0.  0.],0.666666666667,8.51302389605,1475431520.47
103.0,[ 66.39054689  22.07381688],[ 1.  0.  1.  0.  0.],1.0,8.5228502441,1475431521.06
103.333333333,[ 66.5053396   22.44616599],[ 1.  0.  1.  0.  0.],1.33333333333,8.53254557418,1475431521.13
103.666666667,[ 66.61860174  22.81355045],[ 1.  0.  1.  0.  0.],1.66666666667,8.54211163319,1475431521.47
104.0,[ 65.73035371  22.84270311],[ 0.  0.  0.  0.  1.],2.0,8.55155014475,1475431522.03
104.333333333,[ 64.853949    22.53813373],[ 0.  0.  0.  0.  0.],0.0,8.47752947615,1475431522.13
104.666666667,[ 63.98922968  22.23762528],[ 0.  0.  0.  0.  0.],0.0,8.4044957498,1475431522.47
105.0,[ 64.13603995  22.94112361],[ 1.  0.  1.  0.  1.],0.0,8.33243580647,1475431523.02
105.333333333,[ 64.28089275  23.30190863],[ 1.  0.  1.  0.  0.],0.333333333333,8.34466999572,1475431523.13
105.666666667,[ 64.42381418  23.65788318],[ 1.  0.  1.  0.  0.],0.666666666667,8.35674106244,1475431523.47
106.0,[ 65.23149666  23.34244474],[ 1.  1.  0.  0.  0.],1.0,8.36865118161,1475431524.06
106.333333333,[ 65.36174337  23.69787881],[ 1.  0.  1.  0.  0.],1.33333333333,8.43595805474,1475431524.13
106.666666667,[ 65.49025346  24.04857376],[ 1.  0.  1.  0.  0.],1.66666666667,8.44681194735,1475431524.47
107.0,[ 65.61705008  24.39459278],[ 1.  0.  1.  0.  0.],2.0,8.45752112138,1475431525.06
107.333333333,[ 65.74215608  24.73599821],[ 1.  0.  1.  0.  0.],2.33333333333,8.46808750643,1475431525.13
107.666666667,[ 65.865594    25.07285156],[ 1.  0.  1.  0.  0.],2.66666666667,8.47851300634,1475431525.47
108.0,[ 64.98738608  25.07188021],[ 0.  0.  0.  0.  1.],3.0,8.48879949959,1475431526.07
108.333333333,[ 64.12088759  24.73758847],[ 0.  0.  0.  0.  0.],0.0,8.41561550627,1475431526.13
108.666666667,[ 63.26594243  24.40775396],[ 0.  0.  0.  0.  0.],0.0,8.34340729951,1475431526.47
109.0,[ 63.42239653  25.08231724],[ 1.  0.  1.  0.  1.],0.0,8.27216186885,1475431527.07
109.333333333,[ 63.57676457  25.41455301],[ 1.  0.  1.  0.  0.],0.333333333333,8.2851997106,1475431527.13
109.666666667,[ 63.72907438  25.74235897],[ 1.  0.  1.  0.  0.],0.666666666667,8.29806371446,1475431527.47
110.0,[ 64.54602005  25.39912752],[ 1.  1.  0.  0.  0.],1.0,8.31075619827,1475431528.05
110.333333333,[ 64.68540645  25.72713915],[ 1.  0.  1.  0.  0.],1.33333333333,8.37883500451,1475431528.13
110.666666667,[ 64.82293437  26.05077729],[ 1.  0.  1.  0.  0.],1.66666666667,8.39045053779,1475431528.47
111.0,[ 63.95862858  26.03676693],[ 0.  0.  0.  0.  1.],2.0,8.40191119728,1475431529.05
111.333333333,[ 63.77251353  26.35627671],[ 0.  1.  1.  0.  0.],0.0,8.32988571465,1475431529.13
111.666666667,[ 62.92221335  26.00485968],[ 0.  0.  0.  0.  0.],0.0,8.31437612735,1475431529.47
112.0,[ 63.74991717  25.99146155],[ 1.  1.  0.  0.  1.],0.0,8.24351777898,1475431530.06
112.333333333,[ 63.89991827  26.3115754 ],[ 1.  0.  1.  0.  0.],0.333333333333,8.31249309748,1475431530.13
112.666666667,[ 64.04791936  26.62742106],[ 1.  0.  1.  0.  0.],0.666666666667,8.32499318952,1475431530.47
113.0,[ 63.19394711  26.60572211],[ 0.  0.  0.  0.  1.],1.0,8.33732661366,1475431531.05
113.333333333,[ 62.35136114  26.25097915],[ 0.  0.  0.  0.  0.],0.0,8.26616225881,1475431531.13
113.666666667,[ 61.52000966  25.9009661 ],[ 0.  0.  0.  0.  0.],0.0,8.19594676203,1475431531.47
114.0,[ 61.69974287  26.55561988],[ 1.  0.  1.  0.  1.],0.0,8.12666747186,1475431532.06
114.333333333,[ 61.87707963  26.86821162],[ 1.  0.  1.  0.  0.],0.333333333333,8.14164523891,1475431532.13
114.666666667,[ 62.0520519   27.17663546],[ 1.  0.  1.  0.  0.],0.666666666667,8.15642330239,1475431532.47
115.0,[ 62.22469121  27.48094699],[ 1.  0.  1.  0.  0.],1.0,8.17100432502,1475431533.06
115.333333333,[ 62.39502866  27.78120103],[ 1.  0.  1.  0.  0.],1.33333333333,8.18539093402,1475431533.13
115.666666667,[ 62.56309494  28.07745168],[ 1.  0.  1.  0.  0.],1.66666666667,8.19958572157,1475431533.47
116.0,[ 62.72892034  28.36975233],[ 1.  0.  1.  0.  0.],2.0,8.21359124528,1475431534.07
116.333333333,[ 62.89253474  28.65815563],[ 1.  0.  1.  0.  0.],2.33333333333,8.22741002868,1475431534.13
116.666666667,[ 63.05396761  28.94271355],[ 1.  0.  1.  0.  0.],2.66666666667,8.24104456163,1475431534.47
117.0,[ 62.21324804  28.89014404],[ 0.  0.  0.  0.  1.],3.0,8.25449730081,1475431535.07
117.333333333,[ 61.38373807  28.50494212],[ 0.  0.  0.  0.  0.],0.0,8.1844373368,1475431535.13
117.666666667,[ 60.56528823  28.12487622],[ 0.  0.  0.  0.  0.],0.0,8.11531150564,1475431535.47
118.0,[ 60.75775105  28.74987787],[ 1.  0.  1.  0.  1.],0.0,8.04710735223,1475431536.08
118.333333333,[ 61.61431437  28.36654617],[ 1.  1.  0.  0.  0.],0.333333333333,8.06314592087,1475431536.13
118.666666667,[ 61.79279018  28.65499222],[ 1.  0.  1.  0.  0.],0.666666666667,8.13452619748,1475431536.47
119.0,[ 61.96888631  28.93959232],[ 1.  0.  1.  0.  0.],1.0,8.14939918151,1475431537.06
119.333333333,[ 62.14263449  29.22039776],[ 1.  0.  1.  0.  0.],1.33333333333,8.16407385909,1475431537.13
119.666666667,[ 62.31406603  29.49745912],[ 1.  0.  1.  0.  0.],1.66666666667,8.1785528743,1475431537.47
120.0,[ 61.48321182  29.437493  ],[ 0.  0.  0.  0.  1.],2.0,8.19283883598,1475431538.07
120.333333333,[ 60.66343566  29.04499309],[ 0.  0.  0.  0.  0.],0.0,8.12360098483,1475431538.13
120.666666667,[ 59.85458985  28.65772652],[ 0.  0.  0.  0.  0.],0.0,8.05528630504,1475431538.47
121.0,[ 60.05652865  29.2756235 ],[ 1.  0.  1.  0.  1.],0.0,7.98788248763,1475431539.02
121.333333333,[ 60.25577494  29.55194852],[ 1.  0.  1.  0.  0.],0.333333333333,8.00471072113,1475431539.13
121.666666667,[ 60.45236461  29.82458921],[ 1.  0.  1.  0.  0.],0.666666666667,8.02131457818,1475431539.47
122.0,[ 60.64633308  30.09359468],[ 1.  0.  1.  0.  0.],1.0,8.03769705048,1475431540.07
122.333333333,[ 61.50438197  29.69234675],[ 1.  1.  0.  0.  0.],1.33333333333,8.0538610898,1475431540.13
122.666666667,[ 61.68432354  29.96311546],[ 1.  0.  1.  0.  0.],1.66666666667,8.12536516416,1475431540.47
123.0,[ 61.8618659   30.23027392],[ 1.  0.  1.  0.  0.],2.0,8.1403602953,1475431541.07
123.333333333,[ 62.03704102  30.49387027],[ 1.  0.  1.  0.  0.],2.33333333333,8.15515549137,1475431541.13
123.666666667,[ 62.20988047  30.753952  ],[ 1.  0.  1.  0.  0.],2.66666666667,8.16975341815,1475431541.47
124.0,[ 61.3804154   30.67723264],[ 0.  0.  0.  0.  1.],3.0,8.18415670591,1475431542.06
124.333333333,[ 60.56200986  30.26820287],[ 0.  0.  0.  0.  0.],0.0,8.1150346165,1475431542.13
124.666666667,[ 59.75451639  29.86462684],[ 0.  0.  0.  0.  0.],0.0,8.04683415494,1475431542.47
125.0,[ 59.95778951  30.46643181],[ 1.  0.  1.  0.  1.],0.0,7.97954303288,1475431543.08
125.333333333,[ 60.82501898  30.06021272],[ 1.  1.  0.  0.  0.],0.333333333333,7.9964824591,1475431543.13
125.666666667,[ 61.01401873  30.32607655],[ 1.  0.  1.  0.  0.],0.666666666667,8.06875158187,1475431543.47
126.0,[ 61.20049848  30.58839553],[ 1.  0.  1.  0.  0.],1.0,8.08450156078,1475431544.08
126.333333333,[ 61.38449183  30.84721692],[ 1.  0.  1.  0.  0.],1.33333333333,8.10004153997,1475431544.13
126.666666667,[ 61.56603194  31.10258736],[ 1.  0.  1.  0.  0.],1.66666666667,8.11537431944,1475431544.47
127.0,[ 60.74515152  31.02121953],[ 0.  0.  0.  0.  1.],2.0,8.13050266184,1475431545.06
127.333333333,[ 59.93521616  30.60760327],[ 0.  0.  0.  0.  0.],0.0,8.06209595969,1475431545.13
127.666666667,[ 59.80274661  30.86616856],[ 0.  1.  1.  0.  0.],0.0,7.99460134689,1475431545.47
128.0,[ 60.67204333  30.78795298],[ 1.  1.  0.  0.  1.],0.0,7.98356221782,1475431546.01
128.333333333,[ 61.52974941  30.37744694],[ 1.  1.  0.  0.  0.],0.333333333333,8.05600361047,1475431546.13
128.666666667,[ 62.37601942  29.97241431],[ 1.  1.  0.  0.  0.],0.666666666667,8.12747911789,1475431546.47
129.0,[ 63.21100583  29.57278212],[ 1.  1.  0.  0.  0.],1.0,8.19800161854,1475431547.01
129.333333333,[ 64.03485909  29.17847836],[ 1.  1.  0.  0.  0.],1.33333333333,8.26758381918,1475431547.13
129.666666667,[ 64.84772763  28.78943198],[ 1.  1.  0.  0.  0.],1.66666666667,8.33623825715,1475431547.47
130.0,[ 65.64975793  28.40557289],[ 1.  1.  0.  0.  0.],2.0,8.40397730261,1475431548.01
130.333333333,[ 65.77442782  28.69349859],[ 1.  0.  1.  0.  0.],2.33333333333,8.47081316079,1475431548.13
130.666666667,[ 66.56410212  28.3109186 ],[ 1.  1.  0.  0.  0.],2.66666666667,8.48120231865,1475431548.47
131.0,[ 67.34324742  27.93343969],[ 1.  1.  0.  0.  0.],3.0,8.54700850996,1475431549.01
131.333333333,[ 68.11200413  27.56099383],[ 1.  1.  0.  0.  0.],3.33333333333,8.61193728538,1475431549.13
131.666666667,[ 68.87051074  27.19351391],[ 1.  1.  0.  0.  0.],3.66666666667,8.6760003438,1475431549.47
132.0,[ 69.61890393  26.83093372],[ 1.  1.  0.  0.  0.],4.0,8.7392092281,1475431550.01
132.333333333,[ 70.35731854  26.47318794],[ 1.  1.  0.  0.  0.],4.33333333333,8.80157532728,1475431550.13
132.666666667,[ 70.41922096  26.78687877],[ 1.  0.  1.  0.  0.],4.66666666667,8.86310987847,1475431550.47
133.0,[ 69.48029801  26.76305372],[ 0.  0.  0.  0.  1.],5.0,8.86826841343,1475431551.02
133.333333333,[ 68.55389404  26.406213  ],[ 0.  0.  0.  0.  0.],0.0,8.79002483458,1475431551.13
133.666666667,[ 67.63984212  26.05413016],[ 0.  0.  0.  0.  0.],0.0,8.71282450346,1475431551.47
134.0,[ 66.73797756  25.70674176],[ 0.  0.  0.  0.  0.],0.0,8.63665351008,1475431552.02
134.333333333,[ 65.84813786  25.3639852 ],[ 0.  0.  0.  0.  0.],0.0,8.56149812994,1475431552.13
134.666666667,[ 64.97016269  25.02579873],[ 0.  0.  0.  0.  0.],0.0,8.48734482154,1475431552.47
135.0,[ 65.10389385  25.69212142],[ 1.  0.  1.  0.  1.],0.0,8.41418022392,1475431553.06
135.333333333,[ 65.23584193  26.01622647],[ 1.  0.  1.  0.  0.],0.333333333333,8.4253244876,1475431553.13
135.666666667,[ 65.36603071  26.33601011],[ 1.  0.  1.  0.  0.],0.666666666667,8.4363201611,1475431553.47
136.0,[ 64.49448363  26.31819664],[ 0.  0.  0.  0.  1.],1.0,8.44716922562,1475431574.06
136.333333333,[ 63.63455718  25.96728736],[ 0.  0.  0.  0.  0.],0.0,8.37454030261,1475431574.06
136.666666667,[ 62.78609642  25.62105686],[ 0.  0.  0.  0.  0.],0.0,8.30287976524,1475431574.06
137.0,[ 62.94894847  26.27944277],[ 1.  0.  1.  0.  1.],0.0,8.23217470171,1475431574.34
137.333333333,[ 63.10962916  26.59571686],[ 1.  0.  1.  0.  0.],0.333333333333,8.24574570568,1475431574.34
137.666666667,[ 63.26816743  26.90777397],[ 1.  0.  1.  0.  0.],0.666666666667,8.25913576294,1475431574.34
138.0,[ 63.42459187  27.21567032],[ 1.  0.  1.  0.  0.],1.0,8.2723472861,1475431574.62
138.333333333,[ 63.57893064  27.51946138],[ 1.  0.  1.  0.  0.],1.33333333333,8.28538265562,1475431574.62
138.666666667,[ 63.73121157  27.8192019 ],[ 1.  0.  1.  0.  0.],1.66666666667,8.29824422021,1475431574.62
139.0,[ 62.88146208  27.78161254],[ 0.  0.  0.  0.  1.],2.0,8.31093429728,1475431574.89
139.333333333,[ 62.04304259  27.41119104],[ 0.  0.  0.  0.  0.],0.0,8.24012183998,1475431574.89
139.666666667,[ 61.88246868  27.71237516],[ 0.  1.  1.  0.  0.],0.0,8.17025354878,1475431574.9
140.0,[ 62.72403577  27.67621015],[ 1.  1.  0.  0.  1.],0.0,8.15687239035,1475431575.12
140.333333333,[ 63.55438196  27.30719402],[ 1.  1.  0.  0.  0.],0.333333333333,8.2270029807,1475431575.12
140.666666667,[ 64.37365687  26.9430981 ],[ 1.  1.  0.  0.  0.],0.666666666667,8.29619849652,1475431575.12
141.0,[ 65.18200811  26.58385679],[ 1.  1.  0.  0.  0.],1.0,8.36447140545,1475431595.36
141.333333333,[ 65.97958133  26.22940537],[ 1.  1.  0.  0.  0.],1.33333333333,8.43183400893,1475431615.37
141.666666667,[ 66.76652025  25.87967996],[ 1.  1.  0.  0.  0.],1.66666666667,8.49829844437,1475431615.37
142.0,[ 67.54296664  25.53461756],[ 1.  1.  0.  0.  0.],2.0,8.56387668733,1475431615.6
142.333333333,[ 68.30906042  25.19415599],[ 1.  1.  0.  0.  0.],2.33333333333,8.62858055373,1475431615.6
142.666666667,[ 69.06493962  24.85823391],[ 1.  1.  0.  0.  0.],2.66666666667,8.6924217019,1475431615.6
143.0,[ 69.81074042  24.5267908 ],[ 1.  1.  0.  0.  0.],3.0,8.75541163476,1475431615.82
143.333333333,[ 70.54659722  24.19976692],[ 1.  1.  0.  0.  0.],3.33333333333,8.81756170185,1475431615.82
143.666666667,[ 71.27264259  23.87710336],[ 1.  1.  0.  0.  0.],3.66666666667,8.87888310138,1475431615.82
144.0,[ 71.98900735  23.55874198],[ 1.  1.  0.  0.  0.],4.0,8.93938688225,1475431616.05
144.333333333,[ 72.69582059  23.24462542],[ 1.  1.  0.  0.  0.],4.33333333333,8.99908394605,1475431616.05
144.666666667,[ 73.39320965  22.93469708],[ 1.  1.  0.  0.  0.],4.66666666667,9.05798504899,1475431616.05
145.0,[ 74.08130018  22.62890112],[ 1.  1.  0.  0.  0.],5.0,9.11610080389,1475431616.28
145.333333333,[ 74.76021618  22.32718244],[ 1.  1.  0.  0.  0.],5.33333333333,9.17344168206,1475431616.28
145.666666667,[ 75.43007997  22.02948667],[ 1.  1.  0.  0.  0.],5.66666666667,9.23001801519,1475431616.28
146.0,[ 76.09101223  21.73576019],[ 1.  1.  0.  0.  0.],6.0,9.28583999721,1475431616.51
146.333333333,[ 76.74313207  21.44595005],[ 1.  1.  0.  0.  0.],6.33333333333,9.34091768614,1475431616.51
146.666666667,[ 77.38655698  21.16000405],[ 1.  1.  0.  0.  0.],6.66666666667,9.39526100588,1475431616.51
147.0,[ 78.02140288  20.87787066],[ 1.  1.  0.  0.  0.],7.0,9.44887974802,1475431616.74
147.333333333,[ 78.64778418  20.59949905],[ 1.  1.  0.  0.  0.],7.33333333333,9.5017835736,1475431616.74
147.666666667,[ 79.26581372  20.32483907],[ 1.  1.  0.  0.  0.],7.66666666667,9.55398201484,1475431616.74
148.0,[ 79.87560287  20.05384121],[ 1.  1.  0.  0.  0.],8.0,9.60548447687,1475431616.97
148.333333333,[ 80.4772615   19.78645666],[ 1.  1.  0.  0.  0.],8.33333333333,9.6563002394,1475431616.97
148.666666667,[ 80.40423135  20.18930391],[ 1.  0.  1.  0.  0.],8.66666666667,9.70643845843,1475431616.97
149.0,[ 79.33217493  20.25344652],[ 0.  0.  0.  0.  1.],9.0,9.70035261232,1475431617.19
149.333333333,[ 78.2744126   19.98340057],[ 0.  0.  0.  0.  0.],0.0,9.61101457748,1475431617.19
149.666666667,[ 77.23075376  19.71695523],[ 0.  0.  0.  0.  0.],0.0,9.52286771645,1475431617.19
150.0,[ 76.20101038  19.45406249],[ 0.  0.  0.  0.  0.],0.0,9.4358961469,1475431617.43
150.333333333,[ 75.18499691  19.19467499],[ 0.  0.  0.  0.  0.],0.0,9.35008419827,1475431617.43
150.666666667,[ 74.18253028  18.93874599],[ 0.  0.  0.  0.  0.],0.0,9.26541640896,1475431617.43
151.0,[ 73.19342988  18.68622938],[ 0.  0.  0.  0.  0.],0.0,9.18187752351,1475431617.66
151.333333333,[ 72.21751748  18.43707965],[ 0.  0.  0.  0.  0.],0.0,9.09945248986,1475431617.66
151.666666667,[ 71.25461725  18.19125192],[ 0.  0.  0.  0.  0.],0.0,9.01812645666,1475431617.66
152.0,[ 70.30455568  17.9487019 ],[ 0.  0.  0.  0.  0.],0.0,8.93788477058,1475431617.9
152.333333333,[ 69.36716161  17.70938587],[ 0.  0.  0.  0.  0.],0.0,8.85871297364,1475431617.9
152.666666667,[ 68.44226612  17.47326073],[ 0.  0.  0.  0.  0.],0.0,8.78059680065,1475431617.9
153.0,[ 68.52970257  18.24028392],[ 1.  0.  1.  0.  1.],0.0,8.70352217664,1475431618.17
153.333333333,[ 68.6159732  18.6637468],[ 1.  0.  1.  0.  0.],0.333333333333,8.71080854762,1475431618.17
153.666666667,[ 68.70109356  19.08156351],[ 1.  0.  1.  0.  0.],0.666666666667,8.71799776699,1475431618.17
154.0,[ 69.45174565  18.82714266],[ 1.  1.  0.  0.  0.],1.0,8.72509113009,1475431618.41
154.333333333,[ 69.52572237  19.24278076],[ 1.  0.  1.  0.  0.],1.33333333333,8.78764547058,1475431618.41
154.666666667,[ 69.59871274  19.65287702],[ 1.  0.  1.  0.  0.],1.66666666667,8.79381019764,1475431618.41
155.0,[ 68.6707299   19.72417199],[ 0.  0.  0.  0.  1.],2.0,8.79989272834,1475431618.69
155.333333333,[ 67.75512017  19.46118303],[ 0.  0.  0.  0.  0.],0.0,8.72256082529,1475431618.69
155.666666667,[ 66.85171857  19.20170059],[ 0.  0.  0.  0.  0.],0.0,8.64626001429,1475431618.69
156.0,[ 66.96036232  19.94567791],[ 1.  0.  1.  0.  1.],0.0,8.57097654743,1475431618.98
156.333333333,[ 67.06755749  20.34640221],[ 1.  0.  1.  0.  0.],0.333333333333,8.58003019347,1475431618.98
156.666666667,[ 67.17332339  20.74178351],[ 1.  0.  1.  0.  0.],0.666666666667,8.58896312422,1475431618.98
157.0,[ 67.27767908  21.13189307],[ 1.  0.  1.  0.  0.],1.0,8.59777694923,1475431619.26
157.333333333,[ 67.38064336  21.51680116],[ 1.  0.  1.  0.  0.],1.33333333333,8.60647325658,1475431619.26
157.666666667,[ 67.48223478  21.89657714],[ 1.  0.  1.  0.  0.],1.66666666667,8.61505361315,1475431619.26
158.0,[ 66.58247165  21.93795611],[ 0.  0.  0.  0.  1.],2.0,8.62351956498,1475431619.51
158.333333333,[ 65.69470536  21.64545003],[ 0.  0.  0.  0.  0.],0.0,8.54853930411,1475431619.51
158.666666667,[ 64.81877596  21.35684403],[ 0.  0.  0.  0.  0.],0.0,8.47455878006,1475431619.51
159.0,[ 64.95452561  22.07208611],[ 1.  0.  1.  0.  1.],0.0,8.40156466299,1475431619.79
159.333333333,[ 65.08846527  22.4444583 ],[ 1.  0.  1.  0.  0.],0.333333333333,8.41287713415,1475431619.79
159.666666667,[ 65.22061906  22.81186552],[ 1.  0.  1.  0.  0.],0.666666666667,8.42403877236,1475431619.79
160.0,[ 65.35101081  23.17437398],[ 1.  0.  1.  0.  0.],1.0,8.43505158873,1475431620.08
160.333333333,[ 65.479664    23.53204899],[ 1.  0.  1.  0.  0.],1.33333333333,8.44591756755,1475431620.08
160.666666667,[ 65.60660181  23.88495501],[ 1.  0.  1.  0.  0.],1.66666666667,8.45663866665,1475431620.08
161.0,[ 65.73184712  24.23315561],[ 1.  0.  1.  0.  0.],2.0,8.46721681776,1475431620.35
161.333333333,[ 65.85542249  24.57671353],[ 1.  0.  1.  0.  0.],2.33333333333,8.47765392685,1475431620.35
161.666666667,[ 65.97735019  24.91569068],[ 1.  0.  1.  0.  0.],2.66666666667,8.4879518745,1475431620.35
162.0,[ 65.76431886  25.58348148],[ 0.  1.  1.  0.  1.],3.0,8.49811251617,1475431620.62
162.333333333,[ 64.88746127  25.24236839],[ 0.  0.  0.  0.  0.],0.0,8.48035990484,1475431620.63
162.666666667,[ 64.02229512  24.90580348],[ 0.  0.  0.  0.  0.],0.0,8.40728843945,1475431620.63
163.0,[ 64.16866452  25.5737261 ],[ 1.  0.  1.  0.  1.],0.0,8.33519126025,1475431620.91
163.333333333,[ 64.31308233  25.89940975],[ 1.  0.  1.  0.  0.],0.333333333333,8.34738871012,1475431620.91
163.666666667,[ 65.12224123  25.55408429],[ 1.  1.  0.  0.  0.],0.666666666667,8.35942352731,1475431620.91
164.0,[ 65.92061135  25.21336316],[ 1.  1.  0.  0.  0.],1.0,8.42685343584,1475431621.14
164.333333333,[ 66.70833653  24.87718499],[ 1.  1.  0.  0.  0.],1.33333333333,8.49338427892,1475431621.14
164.666666667,[ 67.48555871  24.54548919],[ 1.  1.  0.  0.  0.],1.66666666667,8.55902804409,1475431621.14
165.0,[ 68.25241793  24.218216  ],[ 1.  1.  0.  0.  0.],2.0,8.62379655905,1475431621.36
165.333333333,[ 69.00905235  23.89530645],[ 1.  1.  0.  0.  0.],2.33333333333,8.68770149382,1475431621.36
165.666666667,[ 69.75559832  23.57670237],[ 1.  1.  0.  0.  0.],2.66666666667,8.75075436279,1475431621.36
166.0,[ 70.49219034  23.26234633],[ 1.  1.  0.  0.  0.],3.0,8.81296652685,1475431621.6
166.333333333,[ 71.21896114  22.95218172],[ 1.  1.  0.  0.  0.],3.33333333333,8.87434919538,1475431621.6
166.666666667,[ 71.93604166  22.64615263],[ 1.  1.  0.  0.  0.],3.66666666667,8.93491342833,1475431621.6
167.0,[ 72.6435611   22.34420392],[ 1.  1.  0.  0.  0.],4.0,8.99467013817,1475431621.83
167.333333333,[ 73.34164695  22.04628121],[ 1.  1.  0.  0.  0.],4.33333333333,9.05363009188,1475431621.83
167.666666667,[ 74.030425    21.75233079],[ 1.  1.  0.  0.  0.],4.66666666667,9.11180391288,1475431621.83
168.0,[ 74.71001933  21.46229971],[ 1.  1.  0.  0.  0.],5.0,9.16920208293,1475431622.06
168.333333333,[ 75.3805524   21.17613572],[ 1.  1.  0.  0.  0.],5.33333333333,9.22583494405,1475431622.06
168.666666667,[ 76.04214504  20.89378724],[ 1.  1.  0.  0.  0.],5.66666666667,9.28171270035,1475431622.06
169.0,[ 76.69491644  20.61520341],[ 1.  1.  0.  0.  0.],6.0,9.3368454199,1475431622.29
169.333333333,[ 77.33898422  20.34033403],[ 1.  1.  0.  0.  0.],6.33333333333,9.39124303652,1475431622.29
169.666666667,[ 77.97446443  20.06912958],[ 1.  1.  0.  0.  0.],6.66666666667,9.44491535159,1475431622.29
170.0,[ 78.60147157  19.80154118],[ 1.  1.  0.  0.  0.],7.0,9.49787203579,1475431622.52
170.333333333,[ 79.22011862  19.53752063],[ 1.  1.  0.  0.  0.],7.33333333333,9.55012263087,1475431622.52
170.666666667,[ 79.83051703  19.27702036],[ 1.  1.  0.  0.  0.],7.66666666667,9.60167655135,1475431622.52
171.0,[ 80.43277681  19.01999342],[ 1.  1.  0.  0.  0.],8.0,9.65254308622,1475431622.74
171.333333333,[ 81.02700645  18.76639351],[ 1.  1.  0.  0.  0.],8.33333333333,9.70273140063,1475431622.74
171.666666667,[ 81.61331303  18.51617493],[ 1.  1.  0.  0.  0.],8.66666666667,9.75225053751,1475431622.74
172.0,[ 82.19180219  18.2692926 ],[ 1.  1.  0.  0.  0.],9.0,9.80110941923,1475431623.0
172.333333333,[ 82.76257816  18.02570203],[ 1.  1.  0.  0.  0.],9.33333333333,9.8493168492,1475431623.0
172.666666667,[ 83.32574379  17.78535933],[ 1.  1.  0.  0.  0.],9.66666666667,9.89688151343,1475431623.0
173.0,[ 81.88140054  19.88155454],[ 0.  1.  1.  1.  1.],10.0,9.94381198214,1475431623.23
173.333333333,[ 82.45631519  19.94980048],[ 1.  1.  0.  0.  1.],0.0,9.8234500446,1475431623.23
173.666666667,[ 82.35689766  20.35046981],[ 1.  0.  1.  0.  0.],0.333333333333,9.87135959956,1475431623.23
174.0,[ 81.25880569  20.41246355],[ 0.  0.  0.  0.  1.],0.666666666667,9.8630748049,1475431623.47
174.333333333,[ 80.17535495  20.14029736],[ 0.  0.  0.  0.  0.],0.0,9.77156714083,1475431623.47
174.666666667,[ 79.10635021  19.87176007],[ 0.  0.  0.  0.  0.],0.0,9.68127957896,1475431623.47
175.0,[ 78.05159888  19.60680327],[ 0.  0.  0.  0.  0.],0.0,9.59219585124,1475431623.69
175.333333333,[ 77.67757756  20.01204589],[ 0.  1.  1.  0.  0.],0.0,9.50429990655,1475431623.69
175.666666667,[ 77.30854319  20.41188528],[ 0.  1.  1.  0.  0.],0.0,9.47313146335,1475431623.69
176.0,[ 77.94442928  20.47306014],[ 1.  1.  0.  0.  1.],0.0,9.4423785994,1475431623.92
176.333333333,[ 77.90517023  20.86675267],[ 1.  0.  1.  0.  0.],0.333333333333,9.49536910696,1475431623.92
176.666666667,[ 78.53310129  20.5885293 ],[ 1.  1.  0.  0.  0.],0.666666666667,9.49209751887,1475431623.92
177.0,[ 79.15265994  20.31401558],[ 1.  1.  0.  0.  0.],1.0,9.54442510751,1475431624.15
177.333333333,[ 79.76395781  20.04316204],[ 1.  1.  0.  0.  0.],1.33333333333,9.59605499496,1475431624.15
177.666666667,[ 80.36710504  19.77591988],[ 1.  1.  0.  0.  0.],1.66666666667,9.64699648392,1475431624.15
178.0,[ 80.9622103   19.51224095],[ 1.  1.  0.  0.  0.],2.0,9.69725875302,1475431624.37
178.333333333,[ 81.54938083  19.25207773],[ 1.  1.  0.  0.  0.],2.33333333333,9.74685085854,1475431624.38
178.666666667,[ 82.12872242  18.99538336],[ 1.  1.  0.  0.  0.],2.66666666667,9.79578173598,1475431624.38
179.0,[ 82.70033946  18.74211158],[ 1.  1.  0.  0.  0.],3.0,9.84406020172,1475431624.6
179.333333333,[ 83.26433493  18.49221676],[ 1.  1.  0.  0.  0.],3.33333333333,9.89169495459,1475431624.6
179.666666667,[ 83.1541438   18.91232054],[ 1.  0.  1.  0.  0.],3.66666666667,9.93869457741,1475431624.6
