./simulation results/2016-10-2_17-36-33.txt

Comfortable Program

simTime, model.x, model.u, model.d, model.z, systemTime

0.0,[ 1.  1.],[ 1.  0.  1.  0.  1.],0.0,3.0,1475447793.58
0.333333333333,[ 1.98666667  1.65333333],[ 1.  0.  1.  0.  0.],0.333333333333,3.08333333333,1475447793.61
0.666666666667,[ 2.96017778  2.29795556],[ 1.  0.  1.  0.  0.],0.666666666667,3.16555555556,1475447793.95
1.0,[ 3.92070874  2.93398281],[ 1.  0.  1.  0.  0.],1.0,3.24668148148,1475447794.52
1.33333333333,[ 4.86843262  3.56152971],[ 1.  0.  1.  0.  0.],1.33333333333,3.3267257284,1475447794.62
1.66666666667,[ 5.80352019  4.18070931],[ 1.  0.  1.  0.  0.],1.66666666667,3.40570271868,1475447794.95
2.0,[ 6.72613992  4.79163319],[ 1.  0.  1.  0.  0.],2.0,3.48362668243,1475447795.49
2.33333333333,[ 7.63645805  5.39441141],[ 1.  0.  1.  0.  0.],2.33333333333,3.56051166,1475447795.61
2.66666666667,[ 8.53463861  5.9891526 ],[ 1.  0.  1.  0.  0.],2.66666666667,3.63637150453,1475447795.95
3.0,[ 9.42084343  6.57596389],[ 1.  0.  1.  0.  0.],3.0,3.71121988447,1475447796.5
3.33333333333,[ 10.29523219   7.15495104],[ 1.  0.  1.  0.  0.],3.33333333333,3.78507028601,1475447796.62
3.66666666667,[ 11.15796242   7.72621836],[ 1.  0.  1.  0.  0.],3.66666666667,3.85793601553,1475447796.95
4.0,[ 10.00918959   9.28986878],[ 0.  0.  0.  1.  1.],4.0,3.92983020199,1475447797.5
4.33333333333,[ 10.87573373  10.16600387],[ 1.  0.  1.  0.  1.],0.0,3.83409913263,1475447797.62
4.66666666667,[ 11.73072395  10.69712381],[ 1.  0.  1.  0.  0.],0.333333333333,3.9063111442,1475447797.95
5.0,[ 12.57431429  11.22116216],[ 1.  0.  1.  0.  0.],0.666666666667,3.97756032894,1475447798.49
5.33333333333,[ 14.07332344  11.07154667],[ 1.  1.  0.  0.  0.],1.0,4.04785952456,1475447798.62
5.66666666667,[ 14.88567912  11.59059271],[ 1.  0.  1.  0.  0.],1.33333333333,4.17277695312,1475447798.95
6.0,[ 15.6872034   12.10271814],[ 1.  0.  1.  0.  0.],1.66666666667,4.24047326041,1475447799.49
6.33333333333,[ 16.47804069  12.60801523],[ 1.  0.  1.  0.  0.],2.0,4.30726695027,1475447819.62
6.66666666667,[ 17.25833348  13.10657503],[ 1.  0.  1.  0.  0.],2.33333333333,4.3731700576,1475447819.62
7.0,[ 18.02822237  13.59848736],[ 1.  0.  1.  0.  0.],2.66666666667,4.43819445683,1475447819.85
7.33333333333,[ 18.78784607  14.08384087],[ 1.  0.  1.  0.  0.],3.0,4.50235186408,1475447819.85
7.66666666667,[ 19.53734146  14.56272299],[ 1.  0.  1.  0.  0.],3.33333333333,4.56565383922,1475447819.85
8.0,[ 20.27684357  15.03522002],[ 1.  0.  1.  0.  0.],3.66666666667,4.62811178803,1475447820.1
8.33333333333,[ 21.00648566  15.50141708],[ 1.  0.  1.  0.  0.],4.0,4.68973696419,1475447820.1
8.66666666667,[ 21.72639918  15.96139819],[ 1.  0.  1.  0.  0.],4.33333333333,4.75054047134,1475447820.1
9.0,[ 22.43671386  16.41524621],[ 1.  0.  1.  0.  0.],4.66666666667,4.81053326505,1475447820.33
9.33333333333,[ 21.13755767  17.86304293],[-0.  0.  0.  1.  1.],5.0,4.86972615485,1475447820.33
9.66666666667,[ 21.85572357  18.62486902],[ 1.  0.  1.  0.  1.],-0.0,4.76146313945,1475447820.33
10.0,[ 23.23098059  18.37653744],[ 1.  1.  0.  0.  0.],0.333333333333,4.82131029759,1475447820.56
10.3333333333,[ 23.92123418  18.7981836 ],[ 1.  0.  1.  0.  0.],0.666666666667,4.93591504918,1475447820.56
10.6666666667,[ 24.60228439  19.21420782],[ 1.  0.  1.  0.  0.],1.0,4.99343618186,1475447820.56
11.0,[ 25.27425393  19.62468505],[ 1.  0.  1.  0.  0.],1.33333333333,5.0501903661,1475447820.79
11.3333333333,[ 26.60393055  19.36302258],[ 1.  1.  0.  0.  0.],1.66666666667,5.10618782789,1475447820.79
11.6666666667,[ 27.24921147  19.77151562],[ 1.  0.  1.  0.  0.],2.0,5.2169942124,1475447820.79
12.0,[ 27.88588866  20.17456207],[ 1.  0.  1.  0.  0.],2.33333333333,5.2707676229,1475447821.01
12.3333333333,[ 28.51407681  20.57223458],[ 1.  0.  1.  0.  0.],2.66666666667,5.3238240546,1475447821.01
12.6666666667,[ 29.13388912  20.96460479],[ 1.  0.  1.  0.  0.],3.0,5.3761730672,1475447821.01
13.0,[ 29.74543726  21.35174339],[ 1.  0.  1.  0.  0.],3.33333333333,5.42782409297,1475447821.24
13.3333333333,[ 30.34883143  21.73372014],[ 1.  0.  1.  0.  0.],3.66666666667,5.4787864384,1475447821.24
13.6666666667,[ 30.94418034  22.11060387],[ 1.  0.  1.  0.  0.],4.0,5.52906928589,1475447821.24
14.0,[ 31.53159127  22.48246249],[ 1.  0.  1.  0.  0.],4.33333333333,5.57868169541,1475447821.46
14.3333333333,[ 32.11117006  22.84936299],[ 1.  0.  1.  0.  0.],4.66666666667,5.62763260614,1475447821.47
14.6666666667,[ 32.68302112  23.21137148],[ 1.  0.  1.  0.  0.],5.0,5.67593083806,1475447821.47
15.0,[ 33.24724751  23.5685532 ],[ 1.  0.  1.  0.  0.],5.33333333333,5.72358509355,1475447821.69
15.3333333333,[ 33.80395087  23.92097249],[ 1.  0.  1.  0.  0.],5.66666666667,5.77060395897,1475447821.7
15.6666666667,[ 32.35323153  25.26869285],[ 0.  0.  0.  1.  1.],6.0,5.81699590618,1475447821.7
16.0,[ 31.92185511  24.93177695],[ 0.  0.  0.  0.  0.],0.0,5.69610262743,1475447821.92
16.3333333333,[ 32.49623037  25.59935326],[ 1.  0.  1.  0.  1.],0.0,5.6601545924,1475447821.92
16.6666666667,[ 33.72961397  25.25802855],[ 1.  1.  0.  0.  0.],0.333333333333,5.70801919784,1475447821.92
17.0,[ 34.94655245  24.92125483],[ 1.  1.  0.  0.  0.],0.666666666667,5.81080116409,1475447822.15
17.3333333333,[ 36.14726508  24.58897144],[ 1.  1.  0.  0.  0.],1.0,5.91221270412,1475447822.15
17.6666666667,[ 37.33196822  24.26111848],[ 1.  1.  0.  0.  0.],1.33333333333,6.01227209029,1475447822.15
18.0,[ 38.50087531  23.9376369 ],[ 1.  1.  0.  0.  0.],1.66666666667,6.11099735131,1475447822.38
18.3333333333,[ 39.65419697  23.61846841],[ 1.  1.  0.  0.  0.],2.0,6.20840627551,1475447822.38
18.6666666667,[ 40.79214101  23.3035555 ],[ 1.  1.  0.  0.  0.],2.33333333333,6.30451641406,1475447822.38
19.0,[ 41.91491246  22.99284143],[ 1.  1.  0.  0.  0.],2.66666666667,6.39934508409,1475447822.61
19.3333333333,[ 43.02271363  22.68627021],[ 1.  1.  0.  0.  0.],3.0,6.49290937186,1475447822.61
19.6666666667,[ 44.11574411  22.3837866 ],[ 1.  1.  0.  0.  0.],3.33333333333,6.58522613579,1475447822.62
20.0,[ 45.19420086  22.08533612],[ 1.  1.  0.  0.  0.],3.66666666667,6.67631200954,1475447822.84
20.3333333333,[ 46.25827818  21.79086497],[ 1.  1.  0.  0.  0.],4.0,6.76618340497,1475447822.84
20.6666666667,[ 47.30816781  21.5003201 ],[ 1.  1.  0.  0.  0.],4.33333333333,6.85485651512,1475447822.84
21.0,[ 48.3440589   21.21364917],[ 1.  1.  0.  0.  0.],4.66666666667,6.94234731714,1475447823.07
21.3333333333,[ 49.36613812  20.93080051],[ 1.  1.  0.  0.  0.],5.0,7.02867157514,1475447823.07
21.6666666667,[ 50.37458961  20.65172317],[ 1.  1.  0.  0.  0.],5.33333333333,7.11384484302,1475447823.07
22.0,[ 51.36959508  20.37636686],[ 1.  1.  0.  0.  0.],5.66666666667,7.19788246734,1475447823.3
22.3333333333,[ 52.35133381  20.10468197],[ 1.  1.  0.  0.  0.],6.0,7.28079959,1475447823.3
22.6666666667,[ 53.31998269  19.83661954],[ 1.  1.  0.  0.  0.],6.33333333333,7.36261115102,1475447823.3
23.0,[ 54.27571626  19.57213128],[ 1.  1.  0.  0.  0.],6.66666666667,7.44333189123,1475447823.54
23.3333333333,[ 55.21870671  19.31116953],[ 1.  1.  0.  0.  0.],7.0,7.5229763549,1475447823.54
23.6666666667,[ 56.14912395  19.05368727],[ 1.  1.  0.  0.  0.],7.33333333333,7.60155889239,1475447823.55
24.0,[ 57.06713563  18.79963811],[ 1.  1.  0.  0.  0.],7.66666666667,7.67909366271,1475447823.77
24.3333333333,[ 55.97290716  20.8823096 ],[ 0.  1.  1.  1.  1.],8.0,7.7555946361,1475447823.77
24.6666666667,[ 56.8932684   20.93721214],[ 1.  1.  0.  0.  1.],0.0,7.66440892984,1475447823.77
25.0,[ 57.80135815  20.65804931],[ 1.  1.  0.  0.  0.],0.333333333333,7.74110569967,1475447824.0
25.3333333333,[ 58.03067338  21.04927532],[ 1.  0.  1.  0.  0.],0.666666666667,7.81677984589,1475447824.0
25.6666666667,[ 58.92359773  20.76861832],[ 1.  1.  0.  0.  0.],1.0,7.83588944795,1475447824.0
26.0,[ 59.80461643  20.49170341],[ 1.  1.  0.  0.  0.],1.33333333333,7.91029981086,1475447824.25
26.3333333333,[ 60.67388821  20.21848069],[ 1.  1.  0.  0.  0.],1.66666666667,7.98371803561,1475447824.25
26.6666666667,[ 61.5315697   19.94890095],[ 1.  1.  0.  0.  0.],2.0,8.05615735069,1475447824.25
27.0,[ 62.37781544  19.6829156 ],[ 1.  1.  0.  0.  0.],2.33333333333,8.12763080823,1475447824.47
27.3333333333,[ 63.2127779   19.42047673],[ 1.  1.  0.  0.  0.],2.66666666667,8.19815128635,1475447824.47
27.6666666667,[ 64.03660753  19.16153704],[ 1.  1.  0.  0.  0.],3.0,8.26773149142,1475447824.48
28.0,[ 64.84945276  18.90604988],[ 1.  1.  0.  0.  0.],3.33333333333,8.33638396042,1475447824.7
28.3333333333,[ 65.65146005  18.65396921],[ 1.  1.  0.  0.  0.],3.66666666667,8.40412106317,1475447824.7
28.6666666667,[ 66.44277392  18.40524962],[ 1.  1.  0.  0.  0.],4.0,8.47095500455,1475447824.7
29.0,[ 67.22353693  18.1598463 ],[ 1.  1.  0.  0.  0.],4.33333333333,8.53689782671,1475447824.93
29.3333333333,[ 67.99388978  17.91771501],[ 1.  1.  0.  0.  0.],4.66666666667,8.60196141125,1475447824.93
29.6666666667,[ 68.75397125  17.67881215],[ 1.  1.  0.  0.  0.],5.0,8.66615748132,1475447824.93
30.0,[ 68.83725163  18.10976132],[ 1.  0.  1.  0.  0.],5.33333333333,8.72949760379,1475447825.15
30.3333333333,[ 69.58608827  17.86829783],[ 1.  1.  0.  0.  0.],5.66666666667,8.73643763574,1475447825.15
30.6666666667,[ 70.32494043  17.63005386],[ 1.  1.  0.  0.  0.],6.0,8.79884068948,1475447825.15
31.0,[ 71.05394122  17.39498648],[ 1.  1.  0.  0.  0.],6.33333333333,8.86041170251,1475447825.38
31.3333333333,[ 71.77322201  17.16305332],[ 1.  1.  0.  0.  0.],6.66666666667,8.9211617687,1475447825.38
31.6666666667,[ 72.48291238  16.93421261],[ 1.  1.  0.  0.  0.],7.0,8.98110183401,1475447825.38
32.0,[ 73.18314022  16.70842311],[ 1.  1.  0.  0.  0.],7.33333333333,9.04024269844,1475447825.6
32.3333333333,[ 73.87403168  16.48564414],[ 1.  1.  0.  0.  0.],7.66666666667,9.09859501802,1475447825.61
32.6666666667,[ 74.55571126  16.26583555],[ 1.  1.  0.  0.  0.],8.0,9.15616930667,1475447825.95
33.0,[ 75.22830177  16.04895774],[ 1.  1.  0.  0.  0.],8.33333333333,9.21297593814,1475447826.51
33.3333333333,[ 75.89192442  15.83497164],[ 1.  1.  0.  0.  0.],8.66666666667,9.26902514785,1475447826.61
33.6666666667,[ 76.54669876  15.62383868],[ 1.  1.  0.  0.  0.],9.0,9.32432703477,1475447826.95
34.0,[ 76.19274277  16.41552083],[ 0.  1.  1.  0.  1.],9.33333333333,9.37889156319,1475447827.52
34.3333333333,[ 76.8435062   16.52998056],[ 1.  1.  0.  0.  1.],0.0,9.34939523124,1475447827.62
34.6666666667,[ 77.48559279  16.30958081],[ 1.  1.  0.  0.  0.],0.333333333333,9.40362551704,1475447827.95
35.0,[ 78.11911822  16.09211974],[ 1.  1.  0.  0.  0.],0.666666666667,9.45713273237,1475447828.51
35.3333333333,[ 78.74419664  15.87755814],[ 1.  1.  0.  0.  0.],1.0,9.50992651816,1475447848.62
35.6666666667,[ 79.36094069  15.66585737],[ 1.  1.  0.  0.  0.],1.33333333333,9.56201638681,1475447868.63
36.0,[ 79.96946148  15.45697927],[ 1.  1.  0.  0.  0.],1.66666666667,9.61341172387,1475447868.85
36.3333333333,[ 80.56986866  15.25088621],[ 1.  1.  0.  0.  0.],2.0,9.66412178978,1475447868.85
36.6666666667,[ 81.16227041  15.04754106],[ 1.  1.  0.  0.  0.],2.33333333333,9.71415572147,1475447868.85
37.0,[ 81.74677347  14.84690718],[ 1.  1.  0.  0.  0.],2.66666666667,9.76352253407,1475447869.08
37.3333333333,[ 82.32348316  14.64894842],[ 1.  1.  0.  0.  0.],3.0,9.81223112251,1475447869.08
37.6666666667,[ 82.89250338  14.45362911],[ 1.  1.  0.  0.  0.],3.33333333333,9.8602902631,1475447869.08
38.0,[ 83.45393667  14.26091405],[ 1.  1.  0.  0.  0.],3.66666666667,9.90770861514,1475447869.3
38.3333333333,[ 83.34121751  14.7374352 ],[ 1.  0.  1.  0.  0.],4.0,9.9544947225,1475447869.3
38.6666666667,[ 83.89666795  14.54093606],[ 1.  1.  0.  0.  0.],4.33333333333,9.94510145953,1475447869.3
39.0,[ 84.44471237  14.34705691],[ 1.  1.  0.  0.  0.],4.66666666667,9.99138899563,1475447869.52
39.3333333333,[ 84.98544954  14.15576282],[ 1.  1.  0.  0.  0.],5.0,10.0370593646,1475447869.52
39.6666666667,[ 85.51897688  13.96701932],[ 1.  1.  0.  0.  0.],5.33333333333,10.0821207953,1475447869.52
40.0,[ 86.04539052  13.78079239],[ 1.  1.  0.  0.  0.],5.66666666667,10.1265814069,1475447869.75
40.3333333333,[ 85.89811865  14.26371516],[ 1.  0.  1.  0.  0.],6.0,10.1704492103,1475447869.75
40.6666666667,[ 86.41947707  14.07353229],[ 1.  1.  0.  0.  0.],6.33333333333,10.1581765542,1475447869.75
41.0,[ 86.93388404  13.88588519],[ 1.  1.  0.  0.  0.],6.66666666667,10.201623089,1475447869.99
41.3333333333,[ 87.44143225  13.70074006],[ 1.  1.  0.  0.  0.],7.0,10.2444903367,1475447869.99
41.6666666667,[ 87.94221316  13.51806352],[ 1.  1.  0.  0.  0.],7.33333333333,10.2867860211,1475447869.99
42.0,[ 88.43631698  13.33782268],[ 1.  1.  0.  0.  0.],7.66666666667,10.3285177631,1475447870.23
42.3333333333,[ 88.92383276  13.15998504],[ 1.  1.  0.  0.  0.],8.0,10.3696930818,1475447870.24
42.6666666667,[ 89.40484832  12.98451857],[ 1.  1.  0.  0.  0.],8.33333333333,10.4103193963,1475447870.24
43.0,[ 88.87945034  13.81139166],[ 0.  1.  1.  0.  1.],8.66666666667,10.4504040265,1475447870.49
43.3333333333,[ 88.36105767  14.29390644],[ 0.  1.  1.  0.  0.],0.0,10.4066208617,1475447870.49
43.6666666667,[ 87.8495769   14.76998769],[ 0.  1.  1.  0.  0.],0.0,10.3634214725,1475447870.49
44.0,[ 88.34491588  14.90638785],[ 1.  1.  0.  0.  1.],0.0,10.3207980751,1475447890.73
44.3333333333,[ 88.16698366  15.37430268],[ 1.  0.  1.  0.  0.],0.333333333333,10.3620763229,1475447910.74
44.6666666667,[ 87.99142388  15.83597864],[ 1.  0.  1.  0.  0.],0.666666666667,10.3472486386,1475447910.74
45.0,[ 86.8182049   15.95816559],[ 0.  0.  0.  0.  1.],1.0,10.3326186568,1475447910.97
45.3333333333,[ 85.66062883  15.74539005],[ 0.  0.  0.  0.  0.],0.0,10.234850408,1475447910.97
45.6666666667,[ 84.51848711  15.53545152],[ 0.  0.  0.  0.  0.],0.0,10.1383857359,1475447910.97
46.0,[ 83.39157395  15.32831217],[ 0.  0.  0.  0.  0.],0.0,10.0432072595,1475447911.19
46.3333333333,[ 82.2796863   15.12393467],[ 0.  0.  0.  0.  0.],0.0,9.94929782932,1475447911.19
46.6666666667,[ 81.18262382  14.92228221],[ 0.  0.  0.  0.  0.],0.0,9.85664052493,1475447911.19
47.0,[ 80.10018883  14.72331844],[ 0.  0.  0.  0.  0.],0.0,9.76521865127,1475447931.41
47.3333333333,[ 79.03218631  14.52700753],[ 0.  0.  0.  0.  0.],0.0,9.67501573592,1475447931.42
47.6666666667,[ 77.97842383  14.3333141 ],[ 0.  0.  0.  0.  0.],0.0,9.58601552611,1475447931.42
48.0,[ 76.93871151  14.14220324],[ 0.  0.  0.  0.  0.],0.0,9.49820198576,1475447931.65
48.3333333333,[ 75.91286202  13.95364053],[ 0.  0.  0.  0.  0.],0.0,9.41155929261,1475447931.65
48.6666666667,[ 74.90069053  13.76759199],[ 0.  0.  0.  0.  0.],0.0,9.32607183538,1475447931.65
49.0,[ 73.90201466  13.5840241 ],[ 0.  0.  0.  0.  0.],0.0,9.24172421091,1475447931.89
49.3333333333,[ 72.91665446  13.40290378],[ 0.  0.  0.  0.  0.],0.0,9.15850122143,1475447931.89
49.6666666667,[ 71.9444324  13.2241984],[ 0.  0.  0.  0.  0.],0.0,9.07638787181,1475447931.9
50.0,[ 71.9851733   14.04787575],[ 1.  0.  1.  0.  1.],0.0,8.99536936685,1475447932.15
50.3333333333,[ 72.02537099  14.52723741],[ 1.  0.  1.  0.  0.],0.333333333333,8.99876444196,1475447932.15
50.6666666667,[ 72.06503271  15.00020757],[ 1.  0.  1.  0.  0.],0.666666666667,9.0021142494,1475447932.15
51.0,[ 71.10416561  15.13353814],[ 0.  0.  0.  0.  1.],1.0,9.00541939274,1475447932.41
51.3333333333,[ 70.15611007  14.93175763],[ 0.  0.  0.  0.  0.],0.0,8.92534713417,1475447932.41
51.6666666667,[ 69.88736193  15.3993342 ],[ 0.  1.  1.  0.  0.],0.0,8.84634250572,1475447932.41
52.0,[ 70.62219711  15.52734307],[ 1.  1.  0.  0.  1.],0.0,8.82394682786,1475447932.64
52.3333333333,[ 71.34723448  15.32031183],[ 1.  1.  0.  0.  0.],0.333333333333,8.88518309238,1475447932.64
52.6666666667,[ 72.06260469  15.11604101],[ 1.  1.  0.  0.  0.],0.666666666667,8.94560287337,1475447932.64
53.0,[ 72.76843662  14.9144938 ],[ 1.  1.  0.  0.  0.],1.0,9.00521705728,1475447932.87
53.3333333333,[ 73.46485747  14.71563388],[ 1.  1.  0.  0.  0.],1.33333333333,9.06403638541,1475447932.87
53.6666666667,[ 74.1519927   14.51942543],[ 1.  1.  0.  0.  0.],1.66666666667,9.12207145582,1475447932.88
54.0,[ 74.82996613  14.32583309],[ 1.  1.  0.  0.  0.],2.0,9.1793327253,1475447933.1
54.3333333333,[ 75.49889992  14.13482198],[ 1.  1.  0.  0.  0.],2.33333333333,9.23583051119,1475447933.1
54.6666666667,[ 76.15891459  13.94635769],[ 1.  1.  0.  0.  0.],2.66666666667,9.29157499326,1475447933.1
55.0,[ 76.81012906  13.76040625],[ 1.  1.  0.  0.  0.],3.0,9.34657621557,1475447933.33
55.3333333333,[ 77.45266067  13.57693417],[ 1.  1.  0.  0.  0.],3.33333333333,9.40084408825,1475447933.33
55.6666666667,[ 78.0866252   13.39590838],[ 1.  1.  0.  0.  0.],3.66666666667,9.4543883893,1475447933.33
56.0,[ 78.71213686  13.21729627],[ 1.  1.  0.  0.  0.],4.0,9.50721876633,1475447933.56
56.3333333333,[ 79.32930837  13.04106565],[ 1.  1.  0.  0.  0.],4.33333333333,9.55934473833,1475447933.56
56.6666666667,[ 79.93825092  12.86718477],[ 1.  1.  0.  0.  0.],4.66666666667,9.61077569738,1475447933.56
57.0,[ 80.53907424  12.69562231],[ 1.  1.  0.  0.  0.],5.0,9.6615209103,1475447933.79
57.3333333333,[ 81.13188659  12.52634735],[ 1.  1.  0.  0.  0.],5.33333333333,9.71158952039,1475447933.79
57.6666666667,[ 81.71679477  12.35932938],[ 1.  1.  0.  0.  0.],5.66666666667,9.760990549,1475447933.79
58.0,[ 82.29390417  12.19453832],[ 1.  1.  0.  0.  0.],6.0,9.80973289724,1475447934.01
58.3333333333,[ 82.86331878  12.03194448],[ 1.  1.  0.  0.  0.],6.33333333333,9.8578253475,1475447934.01
58.6666666667,[ 83.4251412   11.87151855],[ 1.  1.  0.  0.  0.],6.66666666667,9.90527656509,1475447934.01
59.0,[ 83.97947265  11.71323164],[ 1.  1.  0.  0.  0.],7.0,9.95209509978,1475447934.25
59.3333333333,[ 84.52641301  11.55705522],[ 1.  1.  0.  0.  0.],7.33333333333,9.99828938733,1475447934.25
59.6666666667,[ 85.06606084  11.40296115],[ 1.  1.  0.  0.  0.],7.66666666667,10.0438677511,1475447934.25
60.0,[ 85.59851336  11.25092167],[ 1.  1.  0.  0.  0.],8.0,10.0888384033,1475447934.69
60.3333333333,[ 86.12386652  11.10090938],[ 1.  1.  0.  0.  0.],8.33333333333,10.1332094468,1475447934.69
60.6666666667,[ 86.64221496  10.95289725],[ 1.  1.  0.  0.  0.],8.66666666667,10.1769888764,1475447934.69
61.0,[ 87.1536521   10.80685862],[ 1.  1.  0.  0.  0.],9.0,10.2201845802,1475447934.94
61.3333333333,[ 87.65827007  10.66276717],[ 1.  1.  0.  0.  0.],9.33333333333,10.2628043414,1475447934.94
61.6666666667,[ 88.1561598   10.52059694],[ 1.  1.  0.  0.  0.],9.66666666667,10.3048558391,1475447934.94
62.0,[ 87.647411    11.38032232],[ 0.  1.  1.  0.  1.],10.0,10.3463466501,1475447935.19
62.3333333333,[ 87.14544552  11.89525135],[ 0.  1.  1.  0.  0.],0.0,10.303950917,1475447935.19
62.6666666667,[ 86.65017292  12.40331467],[ 0.  1.  1.  0.  0.],0.0,10.2621204603,1475447935.19
63.0,[ 87.16150394  12.57127047],[ 1.  1.  0.  0.  1.],0.0,10.2208477431,1475447935.44
63.3333333333,[ 87.66601723  12.40365353],[ 1.  1.  0.  0.  0.],0.333333333333,10.2634586621,1475447935.44
63.6666666667,[ 88.16380366  12.23827149],[ 1.  1.  0.  0.  0.],0.666666666667,10.3055014354,1475447935.44
64.0,[ 88.65495295  12.07509453],[ 1.  1.  0.  0.  0.],1.0,10.3469836385,1475447935.7
64.3333333333,[ 89.13955357  11.91409327],[ 1.  1.  0.  0.  0.],1.33333333333,10.3879127456,1475447935.7
64.6666666667,[ 89.61769286  11.7552387 ],[ 1.  1.  0.  0.  0.],1.66666666667,10.4282961312,1475447935.7
65.0,[ 89.08945696  12.59850218],[ 0.  1.  1.  0.  1.],2.0,10.4681410717,1475447935.95
65.3333333333,[ 88.5682642   13.09718882],[ 0.  1.  1.  0.  0.],0.0,10.4241214129,1475447935.95
65.6666666667,[ 88.05402067  13.5892263 ],[ 0.  1.  1.  0.  0.],0.0,10.380688683,1475447935.95
66.0,[ 88.54663373  13.74136995],[ 1.  1.  0.  0.  1.],0.0,10.3378350561,1475447936.22
66.3333333333,[ 89.03267861  13.55815168],[ 1.  1.  0.  0.  0.],0.333333333333,10.3788861442,1475447936.22
66.6666666667,[ 89.5122429   13.37737633],[ 1.  1.  0.  0.  0.],0.666666666667,10.4193898845,1475447936.22
67.0,[ 88.98541299  14.19901131],[ 0.  1.  1.  0.  1.],1.0,10.459353575,1475447936.48
67.3333333333,[ 88.46560749  14.67635783],[ 0.  1.  1.  0.  0.],0.0,10.4154510829,1475447936.48
67.6666666667,[ 87.95273272  15.14733972],[ 0.  1.  1.  0.  0.],0.0,10.3721339573,1475447936.48
68.0,[ 88.44669628  15.27870853],[ 1.  1.  0.  0.  1.],0.0,10.3293943934,1475447936.71
68.3333333333,[ 88.93407367  15.07499241],[ 1.  1.  0.  0.  0.],0.333333333333,10.3705580237,1475447936.71
68.6666666667,[ 89.41495269  14.87399251],[ 1.  1.  0.  0.  0.],0.666666666667,10.4111728056,1475447936.71
69.0,[ 89.88941998  14.67567261],[ 1.  1.  0.  0.  0.],1.0,10.4512460571,1475447936.97
69.3333333333,[ 90.35756105  14.47999698],[ 1.  1.  0.  0.  0.],1.33333333333,10.4907849986,1475447936.97
69.6666666667,[ 90.81946024  14.28693035],[ 1.  1.  0.  0.  0.],1.66666666667,10.5297967542,1475447936.97
70.0,[ 90.27520077  15.09643795],[ 0.  1.  1.  0.  1.],2.0,10.568288353,1475447937.2
70.3333333333,[ 89.73819809  15.56181877],[ 0.  1.  1.  0.  0.],0.0,10.5229333972,1475447937.21
70.6666666667,[ 89.20835545  16.02099452],[ 0.  1.  1.  0.  0.],0.0,10.4781831741,1475447937.21
71.0,[ 89.68557738  16.1407146 ],[ 1.  1.  0.  0.  1.],0.0,10.4340296207,1475447937.45
71.3333333333,[ 90.15643634  15.92550507],[ 1.  1.  0.  0.  0.],0.333333333333,10.4737981146,1475447937.45
71.6666666667,[ 90.62101719  15.713165  ],[ 1.  1.  0.  0.  0.],0.666666666667,10.513036362,1475447937.45
72.0,[ 91.07940363  15.50365613],[ 1.  1.  0.  0.  0.],1.0,10.5517514327,1475447937.71
72.3333333333,[ 91.53167825  15.29694072],[ 1.  1.  0.  0.  0.],1.33333333333,10.5899503025,1475447937.71
72.6666666667,[ 91.97792254  15.09298151],[ 1.  1.  0.  0.  0.],1.66666666667,10.627639854,1475447937.71
73.0,[ 91.4182169   15.89174176],[ 0.  1.  1.  0.  1.],2.0,10.6648268782,1475447937.96
73.3333333333,[ 90.86597401  16.34651853],[ 0.  1.  1.  0.  0.],0.0,10.618184742,1475447937.96
73.6666666667,[ 90.32109436  16.79523162],[ 0.  1.  1.  0.  0.],0.0,10.572164501,1475447937.96
74.0,[ 90.78347977  16.90462853],[ 1.  1.  0.  0.  1.],0.0,10.5267578632,1475447938.21
74.3333333333,[ 91.23970004  16.67923348],[ 1.  1.  0.  0.  0.],0.333333333333,10.5652899806,1475447938.21
74.6666666667,[ 91.68983737  16.4568437 ],[ 1.  1.  0.  0.  0.],0.666666666667,10.6033083364,1475447938.21
75.0,[ 91.13397287  17.23741912],[ 0.  1.  1.  0.  1.],1.0,10.6408197808,1475447938.46
75.3333333333,[ 90.5855199   17.67425353],[ 0.  1.  1.  0.  0.],0.0,10.5944977393,1475447938.46
75.6666666667,[ 90.04437963  18.10526349],[ 0.  1.  1.  0.  0.],0.0,10.548793325,1475447938.46
76.0,[ 89.84378791  18.86385997],[ 1.  0.  1.  0.  1.],0.0,10.5036983029,1475447938.69
76.3333333333,[ 90.3125374   18.61234184],[ 1.  1.  0.  0.  0.],0.333333333333,10.4869823255,1475447938.69
76.6666666667,[ 90.7750369   18.36417728],[ 1.  1.  0.  0.  0.],0.666666666667,10.5260447834,1475447938.69
77.0,[ 91.23136974  18.11932158],[ 1.  1.  0.  0.  0.],1.0,10.5645864085,1475447938.94
77.3333333333,[ 91.68161815  17.87773063],[ 1.  1.  0.  0.  0.],1.33333333333,10.6026141453,1475447938.94
77.6666666667,[ 92.12586324  17.63936089],[ 1.  1.  0.  0.  0.],1.66666666667,10.6401348456,1475447938.94
78.0,[ 92.56418506  17.40416941],[ 1.  1.  0.  0.  0.],2.0,10.6771552699,1475447939.21
78.3333333333,[ 92.99666259  17.17211382],[ 1.  1.  0.  0.  0.],2.33333333333,10.7136820885,1475447939.21
78.6666666667,[ 93.42337376  16.9431523 ],[ 1.  1.  0.  0.  0.],2.66666666667,10.7497218829,1475447939.21
79.0,[ 92.84439544  17.7172436 ],[ 0.  1.  1.  0.  1.],3.0,10.7852811466,1475447939.45
79.3333333333,[ 92.27313684  18.14768036],[ 0.  1.  1.  0.  0.],0.0,10.7370329536,1475447939.45
79.6666666667,[ 91.70949501  18.57237795],[ 0.  1.  1.  0.  0.],0.0,10.6894280697,1475447939.46
80.0,[ 92.15336841  18.65807958],[ 1.  1.  0.  0.  1.],0.0,10.6424579177,1475447939.71
80.3333333333,[ 92.5913235   18.40930518],[ 1.  1.  0.  0.  0.],0.333333333333,10.6794473677,1475447939.71
80.6666666667,[ 93.02343919  18.16384778],[ 1.  1.  0.  0.  0.],0.666666666667,10.715943625,1475447939.71
81.0,[ 92.44979333  18.92166314],[ 0.  1.  1.  0.  1.],1.0,10.7519532656,1475447959.95
81.3333333333,[ 91.88379609  19.33604097],[ 0.  1.  1.  0.  0.],0.0,10.7041494442,1475447979.95
81.6666666667,[ 91.32534547  19.74489376],[ 0.  1.  1.  0.  0.],0.0,10.6569830072,1475447979.96
82.0,[ 91.77434087  19.81496184],[ 1.  1.  0.  0.  1.],0.0,10.610445456,1475447980.23
82.3333333333,[ 92.21734965  19.55076235],[ 1.  1.  0.  0.  0.],0.333333333333,10.6478617388,1475447980.23
82.6666666667,[ 92.65445166  19.29008552],[ 1.  1.  0.  0.  0.],0.666666666667,10.6847791379,1475447980.23
83.0,[ 93.08572564  19.03288438],[ 1.  1.  0.  0.  0.],1.0,10.7212043049,1475447980.53
83.3333333333,[ 93.51124929  18.77911258],[ 1.  1.  0.  0.  0.],1.33333333333,10.7571438031,1475447980.53
83.6666666667,[ 93.9310993   18.52872442],[ 1.  1.  0.  0.  0.],1.66666666667,10.7926041079,1475447980.53
84.0,[ 93.34535131  19.28167476],[ 0.  1.  1.  0.  1.],2.0,10.8275916087,1475447980.83
84.3333333333,[ 92.7674133   19.69125243],[ 0.  1.  1.  0.  0.],0.0,10.7787792761,1475447980.83
84.6666666667,[ 92.19718112  20.09536906],[ 0.  1.  1.  0.  0.],0.0,10.7306177747,1475447980.83
85.0,[ 92.63455204  20.16076414],[ 1.  1.  0.  0.  1.],0.0,10.6830984266,1475448001.14
85.3333333333,[ 93.06609134  19.89195395],[ 1.  1.  0.  0.  0.],0.333333333333,10.7195460031,1475448001.14
85.6666666667,[ 93.49187679  19.6267279 ],[ 1.  1.  0.  0.  0.],0.666666666667,10.7555076119,1475448001.14
86.0,[ 93.9119851   19.36503819],[ 1.  1.  0.  0.  0.],1.0,10.7909897327,1475448001.39
86.3333333333,[ 94.32649197  19.10683769],[ 1.  1.  0.  0.  0.],1.33333333333,10.8259987585,1475448001.39
86.6666666667,[ 94.73547207  18.85207985],[ 1.  1.  0.  0.  0.],1.66666666667,10.8605409972,1475448001.39
87.0,[ 94.13899911  19.60071878],[ 0.  1.  1.  0.  1.],2.0,10.8946226728,1475448001.66
87.3333333333,[ 93.55047912  20.00604253],[ 0.  1.  1.  0.  0.],0.0,10.8449165928,1475448001.66
87.6666666667,[ 92.96980607  20.40596197],[ 0.  1.  1.  0.  0.],0.0,10.7958732604,1475448001.66
88.0,[ 92.73020866  21.13388247],[ 1.  0.  1.  0.  1.],0.0,10.7474838392,1475448001.97
88.3333333333,[ 93.16047254  20.85209737],[ 1.  1.  0.  0.  0.],0.333333333333,10.727517388,1475448001.97
88.6666666667,[ 93.58499957  20.57406941],[ 1.  1.  0.  0.  0.],0.666666666667,10.7633727117,1475448001.97
89.0,[ 94.00386625  20.29974848],[ 1.  1.  0.  0.  0.],1.0,10.7987499644,1475448002.27
89.3333333333,[ 94.41714803  20.02908517],[ 1.  1.  0.  0.  0.],1.33333333333,10.8336555204,1475448002.27
89.6666666667,[ 94.15825272  20.42869737],[ 1.  0.  1.  0.  0.],1.66666666667,10.8680956691,1475448002.27
90.0,[ 92.90280935  20.48964807],[ 0.  0.  0.  0.  1.],2.0,10.8465210601,1475448002.5
90.3333333333,[ 91.66410523  20.21645276],[ 0.  0.  0.  0.  0.],0.0,10.7419007793,1475448002.5
90.6666666667,[ 90.44191716  19.94690006],[ 0.  0.  0.  0.  0.],0.0,10.6386754356,1475448002.5
91.0,[ 89.23602493  19.68094139],[ 0.  0.  0.  0.  0.],0.0,10.5368264298,1475448002.72
91.3333333333,[ 88.04621126  19.41852884],[ 0.  0.  0.  0.  0.],0.0,10.4363354107,1475448002.72
91.6666666667,[ 86.87226178  19.15961512],[ 0.  0.  0.  0.  0.],0.0,10.3371842719,1475448002.72
92.0,[ 85.71396496  18.90415359],[ 0.  0.  0.  0.  0.],0.0,10.2393551483,1475448002.96
92.3333333333,[ 84.57111209  18.65209821],[ 0.  0.  0.  0.  0.],0.0,10.142830413,1475448002.96
92.6666666667,[ 83.44349726  18.40340356],[ 0.  0.  0.  0.  0.],0.0,10.0475926742,1475448002.96
93.0,[ 82.3309173   18.15802485],[ 0.  0.  0.  0.  0.],0.0,9.95362477183,1475448003.18
93.3333333333,[ 81.23317173  17.91591785],[ 0.  0.  0.  0.  0.],0.0,9.86090977487,1475448003.18
93.6666666667,[ 80.15006278  17.67703895],[ 0.  0.  0.  0.  0.],0.0,9.76943097788,1475448003.18
94.0,[ 79.08139527  17.44134509],[ 0.  0.  0.  0.  0.],0.0,9.67917189817,1475448003.4
94.3333333333,[ 78.02697667  17.20879383],[ 0.  0.  0.  0.  0.],0.0,9.59011627286,1475448003.4
94.6666666667,[ 76.98661698  16.97934324],[ 0.  0.  0.  0.  0.],0.0,9.50224805589,1475448003.4
95.0,[ 75.96012876  16.752952  ],[ 0.  0.  0.  0.  0.],0.0,9.41555141515,1475448003.63
95.3333333333,[ 74.94732704  16.52957931],[ 0.  0.  0.  0.  0.],0.0,9.33001072961,1475448003.63
95.6666666667,[ 73.94802934  16.30918491],[ 0.  0.  0.  0.  0.],0.0,9.24561058655,1475448003.63
96.0,[ 72.96205562  16.09172912],[ 0.  0.  0.  0.  0.],0.0,9.16233577873,1475448003.87
96.3333333333,[ 71.98922821  15.87717273],[ 0.  0.  0.  0.  0.],0.0,9.08017130168,1475448003.87
96.6666666667,[ 71.02937184  15.66547709],[ 0.  0.  0.  0.  0.],0.0,8.99910235099,1475448003.87
97.0,[ 71.08231354  16.45660406],[ 1.  0.  1.  0.  1.],0.0,8.91911431964,1475448004.12
97.3333333333,[ 71.13454936  16.90384934],[ 1.  0.  1.  0.  0.],0.333333333333,8.92352612871,1475448004.12
97.6666666667,[ 71.18608871  17.34513135],[ 1.  0.  1.  0.  0.],0.666666666667,8.92787911366,1475448004.12
98.0,[ 70.23694086  17.44719627],[ 0.  0.  0.  0.  1.],1.0,8.93217405882,1475448004.36
98.3333333333,[ 69.30044831  17.21456698],[ 0.  0.  0.  0.  0.],0.0,8.8530784047,1475448004.36
98.6666666667,[ 68.37644233  16.98503942],[ 0.  0.  0.  0.  0.],0.0,8.7750373593,1475448004.36
99.0,[ 68.46475644  17.75857223],[ 1.  0.  1.  0.  1.],0.0,8.69803686118,1475448004.79
99.3333333333,[ 69.21855968  17.52179127],[ 1.  1.  0.  0.  0.],0.333333333333,8.7053963697,1475448004.79
99.6666666667,[ 69.29564555  17.95483405],[ 1.  0.  1.  0.  0.],0.666666666667,8.76821330699,1475448004.79
100.0,[ 69.37170361  18.38210293],[ 1.  0.  1.  0.  0.],1.0,8.77463712956,1475448005.12
100.333333333,[ 70.11341423  18.13700822],[ 1.  1.  0.  0.  0.],1.33333333333,8.78097530117,1475448005.13
100.666666667,[ 70.17856871  18.56184811],[ 1.  0.  1.  0.  0.],1.66666666667,8.84278451937,1475448005.13
101.0,[ 69.24285446  18.64769014],[ 0.  0.  0.  0.  1.],2.0,8.84821405912,1475448005.36
101.333333333,[ 68.3196164   18.39905427],[ 0.  0.  0.  0.  0.],0.0,8.77023787166,1475448005.36
101.666666667,[ 67.40868818  18.15373355],[ 0.  0.  0.  0.  0.],0.0,8.69330136671,1475448005.36
102.0,[ 67.50990567  18.91168377],[ 1.  0.  1.  0.  1.],0.0,8.61739068182,1475448005.63
102.333333333,[ 67.6097736   19.32619465],[ 1.  0.  1.  0.  0.],0.333333333333,8.62582547273,1475448005.64
102.666666667,[ 67.70830995  19.73517872],[ 1.  0.  1.  0.  0.],0.666666666667,8.63414779976,1475448005.64
103.0,[ 67.80553248  20.13870967],[ 1.  0.  1.  0.  0.],1.0,8.64235916243,1475448025.94
103.333333333,[ 67.90145872  20.53686021],[ 1.  0.  1.  0.  0.],1.33333333333,8.65046104026,1475448045.95
103.666666667,[ 67.99610593  20.92970207],[ 1.  0.  1.  0.  0.],1.66666666667,8.65845489306,1475448045.95
104.0,[ 67.08949119  20.98397271],[ 0.  0.  0.  0.  1.],2.0,8.66634216115,1475448046.23
104.333333333,[ 66.19496464  20.70418641],[ 0.  0.  0.  0.  0.],0.0,8.59079093233,1475448046.23
104.666666667,[ 65.31236511  20.42813059],[ 0.  0.  0.  0.  0.],0.0,8.51624705324,1475448046.23
105.0,[ 65.44153358  21.15575552],[ 1.  0.  1.  0.  1.],0.0,8.44269709253,1475448046.5
105.333333333,[ 65.56897979  21.54034544],[ 1.  0.  1.  0.  0.],0.333333333333,8.45346113129,1475448046.5
105.666666667,[ 65.69472673  21.9198075 ],[ 1.  0.  1.  0.  0.],0.666666666667,8.46408164954,1475448046.5
106.0,[ 65.81879704  22.29421007],[ 1.  0.  1.  0.  0.],1.0,8.47456056088,1475448046.74
106.333333333,[ 65.94121308  22.6636206 ],[ 1.  0.  1.  0.  0.],1.33333333333,8.4848997534,1475448046.74
106.666666667,[ 66.06199691  23.02810566],[ 1.  0.  1.  0.  0.],1.66666666667,8.49510109002,1475448046.74
107.0,[ 66.18117028  23.38773092],[ 1.  0.  1.  0.  0.],2.0,8.50516640882,1475448046.98
107.333333333,[ 66.29875468  23.74256117],[ 1.  0.  1.  0.  0.],2.33333333333,8.51509752337,1475448046.98
107.666666667,[ 66.41477128  24.09266036],[ 1.  0.  1.  0.  0.],2.66666666667,8.52489622306,1475448046.98
108.0,[ 65.529241    24.10475822],[ 0.  0.  0.  0.  1.],3.0,8.53456427342,1475448047.26
108.333333333,[ 64.65551778  23.78336144],[ 0.  0.  0.  0.  0.],0.0,8.46077008311,1475448047.26
108.666666667,[ 63.79344421  23.46624996],[ 0.  0.  0.  0.  0.],0.0,8.38795981533,1475448047.26
109.0,[ 63.94286496  24.15336662],[ 1.  0.  1.  0.  1.],0.0,8.31612035113,1475448047.5
109.333333333,[ 64.09029342  24.4979884 ],[ 1.  0.  1.  0.  0.],0.333333333333,8.32857207978,1475448047.5
109.666666667,[ 64.23575618  24.83801522],[ 1.  0.  1.  0.  0.],0.666666666667,8.34085778538,1475448047.5
110.0,[ 64.37927943  25.17350835],[ 1.  0.  1.  0.  0.],1.0,8.35297968158,1475448047.78
110.333333333,[ 64.52088904  25.50452824],[ 1.  0.  1.  0.  0.],1.33333333333,8.36493995249,1475448047.78
110.666666667,[ 64.66061052  25.83113453],[ 1.  0.  1.  0.  0.],1.66666666667,8.37674075312,1475448047.78
111.0,[ 63.79846904  25.82005274],[ 0.  0.  0.  0.  1.],2.0,8.38838420975,1475448048.05
111.333333333,[ 62.94782279  25.47578537],[ 0.  0.  0.  0.  0.],0.0,8.31653908695,1475448048.06
111.666666667,[ 62.10851849  25.13610823],[ 0.  0.  0.  0.  0.],0.0,8.24565189913,1475448048.06
112.0,[ 62.28040491  25.80096012],[ 1.  0.  1.  0.  1.],0.0,8.17570987381,1475448048.33
112.333333333,[ 62.44999951  26.12361399],[ 1.  0.  1.  0.  0.],0.333333333333,8.19003374215,1475448048.33
112.666666667,[ 62.61733285  26.4419658 ],[ 1.  0.  1.  0.  0.],0.666666666667,8.20416662559,1475448048.33
113.0,[ 62.78243508  26.75607292],[ 1.  0.  1.  0.  0.],1.0,8.21811107058,1475448048.61
113.333333333,[ 62.94533594  27.06599195],[ 1.  0.  1.  0.  0.],1.33333333333,8.23186958964,1475448048.61
113.666666667,[ 63.1060648   27.37177872],[ 1.  0.  1.  0.  0.],1.66666666667,8.24544466178,1475448048.61
114.0,[ 63.2646506   27.67348834],[ 1.  0.  1.  0.  0.],2.0,8.25883873296,1475448048.89
114.333333333,[ 63.42112192  27.97117516],[ 1.  0.  1.  0.  0.],2.33333333333,8.27205421652,1475448048.89
114.666666667,[ 63.57550696  28.26489283],[ 1.  0.  1.  0.  0.],2.66666666667,8.28509349363,1475448048.89
115.0,[ 62.72783354  28.22136092],[ 0.  0.  0.  0.  1.],3.0,8.29795891372,1475448049.17
115.333333333,[ 61.89146242  27.84507611],[ 0.  0.  0.  0.  0.],0.0,8.22731946153,1475448049.17
115.666666667,[ 61.06624293  27.47380843],[ 0.  0.  0.  0.  0.],0.0,8.15762186871,1475448049.17
116.0,[ 61.25202635  28.10749098],[ 1.  0.  1.  0.  1.],0.0,8.08885357713,1475448049.45
116.333333333,[ 61.43533267  28.3993911 ],[ 1.  0.  1.  0.  0.],0.333333333333,8.10433552943,1475448049.45
116.666666667,[ 61.6161949   28.68739922],[ 1.  0.  1.  0.  0.],0.666666666667,8.11961105571,1475448049.45
117.0,[ 61.79464563  28.97156723],[ 1.  0.  1.  0.  0.],1.0,8.1346829083,1475448049.75
117.333333333,[ 61.97071703  29.25194634],[ 1.  0.  1.  0.  0.],1.33333333333,8.14955380286,1475448049.75
117.666666667,[ 62.1444408   29.52858705],[ 1.  0.  1.  0.  0.],1.66666666667,8.16422641882,1475448049.75
118.0,[ 61.31584825  29.46820589],[ 0.  0.  0.  0.  1.],2.0,8.1787033999,1475448050.02
118.333333333,[ 60.49830361  29.07529648],[ 0.  0.  0.  0.  0.],0.0,8.10965402123,1475448050.02
118.666666667,[ 59.69165956  28.68762586],[ 0.  0.  0.  0.  0.],0.0,8.04152530095,1475448050.02
119.0,[ 59.89577077  29.30512418],[ 1.  0.  1.  0.  1.],0.0,7.97430496361,1475448050.25
119.333333333,[ 60.09716049  29.58105586],[ 1.  0.  1.  0.  0.],0.333333333333,7.99131423076,1475448050.25
119.666666667,[ 60.29586502  29.85330845],[ 1.  0.  1.  0.  0.],0.666666666667,8.00809670768,1475448050.25
120.0,[ 60.49192015  30.121931  ],[ 1.  0.  1.  0.  0.],1.0,8.02465541824,1475448050.54
120.333333333,[ 60.68536122  30.38697192],[ 1.  0.  1.  0.  0.],1.33333333333,8.040993346,1475448050.54
120.666666667,[ 60.87622307  30.64847896],[ 1.  0.  1.  0.  0.],1.66666666667,8.05711343472,1475448050.54
121.0,[ 61.06454009  30.90649924],[ 1.  0.  1.  0.  0.],2.0,8.07301858893,1475448050.82
121.333333333,[ 61.25034622  31.16107925],[ 1.  0.  1.  0.  0.],2.33333333333,8.08871167441,1475448050.82
121.666666667,[ 61.43367494  31.41226486],[ 1.  0.  1.  0.  0.],2.66666666667,8.10419551875,1475448050.82
122.0,[ 60.61455928  31.326768  ],[ 0.  0.  0.  0.  1.],3.0,8.11947291183,1475448051.09
122.333333333,[ 59.80636515  30.90907776],[ 0.  0.  0.  0.  0.],0.0,8.05121327301,1475448051.09
122.666666667,[ 59.00894695  30.49695672],[ 0.  0.  0.  0.  0.],0.0,7.9838637627,1475448051.09
123.0,[ 59.22216099  31.09033063],[ 1.  0.  1.  0.  1.],0.0,7.91741224586,1475448051.37
123.333333333,[ 59.43253218  31.34245956],[ 1.  0.  1.  0.  0.],0.333333333333,7.93518008259,1475448051.37
123.666666667,[ 59.64009842  31.59122676],[ 1.  0.  1.  0.  0.],0.666666666667,7.95271101482,1475448051.37
124.0,[ 59.8448971   31.83667707],[ 1.  0.  1.  0.  0.],1.0,7.97000820129,1475448051.66
124.333333333,[ 60.04696514  32.07885471],[ 1.  0.  1.  0.  0.],1.33333333333,7.9870747586,1475448051.66
124.666666667,[ 60.24633894  32.31780332],[ 1.  0.  1.  0.  0.],1.66666666667,8.00391376182,1475448051.66
125.0,[ 59.44305442  32.22023261],[ 0.  0.  0.  0.  1.],2.0,8.020528245,1475448051.91
125.333333333,[ 58.65048036  31.7906295 ],[ 0.  0.  0.  0.  0.],0.0,7.9535878684,1475448051.91
125.666666667,[ 57.86847396  31.36675444],[ 0.  0.  0.  0.  0.],0.0,7.88754003015,1475448051.91
126.0,[ 58.0968943   31.94853105],[ 1.  0.  1.  0.  1.],0.0,7.82237282975,1475448052.15
126.333333333,[ 58.32226905  32.1892173 ],[ 1.  0.  1.  0.  0.],0.333333333333,7.84140785869,1475448052.15
126.666666667,[ 58.54463879  32.42669441],[ 1.  0.  1.  0.  0.],0.666666666667,7.86018908724,1475448052.15
127.0,[ 58.76404361  32.66100515],[ 1.  0.  1.  0.  0.],1.0,7.87871989941,1475448052.43
127.333333333,[ 58.98052303  32.89219175],[ 1.  0.  1.  0.  0.],1.33333333333,7.89700363408,1475448052.43
127.666666667,[ 59.19411605  33.12029586],[ 1.  0.  1.  0.  0.],1.66666666667,7.91504358563,1475448052.43
128.0,[ 59.40486117  33.34535858],[ 1.  0.  1.  0.  0.],2.0,7.93284300449,1475448052.71
128.333333333,[ 59.61279636  33.56742046],[ 1.  0.  1.  0.  0.],2.33333333333,7.95040509776,1475448052.71
128.666666667,[ 59.81795907  33.78652152],[ 1.  0.  1.  0.  0.],2.66666666667,7.96773302979,1475448052.72
129.0,[ 59.02038629  33.6693679 ],[ 0.  0.  0.  0.  1.],3.0,7.98482992273,1475448052.98
129.333333333,[ 58.2334478  33.220443 ],[ 0.  0.  0.  0.  0.],0.0,7.91836552376,1475448052.98
129.666666667,[ 57.45700183  32.77750376],[ 0.  0.  0.  0.  0.],0.0,7.85278731677,1475448052.98
130.0,[ 57.69090847  33.34047037],[ 1.  0.  1.  0.  1.],0.0,7.78808348588,1475448053.26
130.333333333,[ 57.92169636  33.56259744],[ 1.  0.  1.  0.  0.],0.333333333333,7.80757570607,1475448053.26
130.666666667,[ 58.14940708  33.7817628 ],[ 1.  0.  1.  0.  0.],0.666666666667,7.82680802999,1475448053.26
131.0,[ 58.37408165  33.99800597],[ 1.  0.  1.  0.  0.],1.0,7.84578392292,1475448053.55
131.333333333,[ 58.59576056  34.21136589],[ 1.  0.  1.  0.  0.],1.33333333333,7.86450680395,1475448053.55
131.666666667,[ 58.81448375  34.42188101],[ 1.  0.  1.  0.  0.],1.66666666667,7.88298004656,1475448053.55
132.0,[ 59.03029063  34.62958926],[ 1.  0.  1.  0.  0.],2.0,7.90120697928,1475448053.84
132.333333333,[ 59.24322009  34.83452807],[ 1.  0.  1.  0.  0.],2.33333333333,7.91919088622,1475448053.84
132.666666667,[ 59.45331049  35.03673436],[ 1.  0.  1.  0.  0.],2.66666666667,7.93693500774,1475448053.84
133.0,[ 58.66059969  34.90291124],[ 0.  0.  0.  0.  1.],3.0,7.95444254097,1475448054.13
133.333333333,[ 57.87845836  34.43753909],[ 0.  0.  0.  0.  0.],0.0,7.88838330709,1475448054.13
133.666666667,[ 57.77341224  34.64503857],[ 0.  1.  1.  0.  0.],0.0,7.82320486299,1475448054.13
134.0,[ 58.66976675  34.51643805],[ 1.  1.  0.  0.  1.],0.0,7.81445102038,1475448054.36
134.333333333,[ 59.55416986  34.05621888],[ 1.  1.  0.  0.  0.],0.333333333333,7.88914722899,1475448054.36
134.666666667,[ 60.42678093  33.60213596],[ 1.  1.  0.  0.  0.],0.666666666667,7.96284748816,1475448054.36
135.0,[ 61.28775718  33.15410748],[ 1.  1.  0.  0.  0.],1.0,8.03556507721,1475448054.58
135.333333333,[ 62.13725375  32.71205272],[ 1.  1.  0.  0.  0.],1.33333333333,8.1073130984,1475448054.58
135.666666667,[ 62.9754237   32.27589201],[ 1.  1.  0.  0.  0.],1.66666666667,8.17810447931,1475448054.59
136.0,[ 63.80241805  31.84554679],[ 1.  1.  0.  0.  0.],2.0,8.24795197514,1475448054.81
136.333333333,[ 64.61838581  31.4209395 ],[ 1.  1.  0.  0.  0.],2.33333333333,8.31686817103,1475448054.81
136.666666667,[ 65.423474    31.00199364],[ 1.  1.  0.  0.  0.],2.66666666667,8.38486548431,1475448054.81
137.0,[ 66.21782768  30.58863372],[ 1.  1.  0.  0.  0.],3.0,8.45195616674,1475448055.04
137.333333333,[ 67.00158998  30.18078527],[ 1.  1.  0.  0.  0.],3.33333333333,8.51815230674,1475448055.04
137.666666667,[ 67.77490211  29.7783748 ],[ 1.  1.  0.  0.  0.],3.66666666667,8.58346583153,1475448055.04
138.0,[ 68.53790342  29.3813298 ],[ 1.  1.  0.  0.  0.],4.0,8.64790850934,1475448055.27
138.333333333,[ 69.29073137  28.98957874],[ 1.  1.  0.  0.  0.],4.33333333333,8.71149195143,1475448055.27
138.666666667,[ 70.03352162  28.60305102],[ 1.  1.  0.  0.  0.],4.66666666667,8.7742276143,1475448055.27
139.0,[ 70.766408    28.22167701],[ 1.  1.  0.  0.  0.],5.0,8.83612680167,1475448055.5
139.333333333,[ 71.48952256  27.84538798],[ 1.  1.  0.  0.  0.],5.33333333333,8.89720066654,1475448055.5
139.666666667,[ 72.20299559  27.47411614],[ 1.  1.  0.  0.  0.],5.66666666667,8.9574602132,1475448055.5
140.0,[ 72.90695565  27.10779459],[ 1.  1.  0.  0.  0.],6.0,9.01691629925,1475448055.73
140.333333333,[ 73.60152957  26.74635733],[ 1.  1.  0.  0.  0.],6.33333333333,9.07557963748,1475448055.73
140.666666667,[ 74.28684251  26.38973923],[ 1.  1.  0.  0.  0.],6.66666666667,9.13346079787,1475448055.73
141.0,[ 74.96301795  26.03787604],[ 1.  1.  0.  0.  0.],7.0,9.19057020946,1475448055.96
141.333333333,[ 75.63017771  25.69070436],[ 1.  1.  0.  0.  0.],7.33333333333,9.24691816222,1475448055.96
141.666666667,[ 76.288442    25.34816164],[ 1.  1.  0.  0.  0.],7.66666666667,9.30251480894,1475448055.97
142.0,[ 76.93792944  25.01018615],[ 1.  1.  0.  0.  0.],8.0,9.35737016705,1475448056.19
142.333333333,[ 77.57875705  24.676717  ],[ 1.  1.  0.  0.  0.],8.33333333333,9.41149412038,1475448056.19
142.666666667,[ 78.21104029  24.34769411],[ 1.  1.  0.  0.  0.],8.66666666667,9.46489642099,1475448056.19
143.0,[ 78.83489309  24.02305819],[ 1.  1.  0.  0.  0.],9.0,9.51758669093,1475448056.43
143.333333333,[ 79.45042785  23.70275074],[ 1.  1.  0.  0.  0.],9.33333333333,9.56957442394,1475448056.43
143.666666667,[ 78.05775547  25.7200474 ],[ 0.  1.  1.  1.  1.],9.66666666667,9.62086898718,1475448056.43
144.0,[ 77.68365207  26.0437801 ],[ 0.  1.  1.  0.  0.],0.0,9.50481295624,1475448056.65
144.333333333,[ 78.31453671  26.02986303],[ 1.  1.  0.  0.  1.],0.0,9.47363767238,1475448056.65
144.666666667,[ 78.93700955  25.68279819],[ 1.  1.  0.  0.  0.],0.333333333333,9.5262113923,1475448056.66
145.0,[ 79.55118276  25.34036089],[ 1.  1.  0.  0.  0.],0.666666666667,9.5780841293,1475448056.88
145.333333333,[ 80.15716699  25.00248941],[ 1.  1.  0.  0.  0.],1.0,9.62926522979,1475448056.88
145.666666667,[ 80.75507143  24.66912288],[ 1.  1.  0.  0.  0.],1.33333333333,9.67976391562,1475448056.88
146.0,[ 81.34500381  24.34020124],[ 1.  1.  0.  0.  0.],1.66666666667,9.72958928563,1475448057.1
146.333333333,[ 81.92707042  24.01566523],[ 1.  1.  0.  0.  0.],2.0,9.77875031738,1475448057.1
146.666666667,[ 82.50137615  23.69545636],[ 1.  1.  0.  0.  0.],2.33333333333,9.8272558687,1475448057.1
147.0,[ 83.06802447  23.37951694],[ 1.  1.  0.  0.  0.],2.66666666667,9.87511467934,1475448057.33
147.333333333,[ 83.62711748  23.06779005],[ 1.  1.  0.  0.  0.],3.0,9.92233537251,1475448057.33
147.666666667,[ 84.17875591  22.76021951],[ 1.  1.  0.  0.  0.],3.33333333333,9.96892645643,1475448057.33
148.0,[ 84.72303917  22.45674992],[ 1.  1.  0.  0.  0.],3.66666666667,10.0148963259,1475448057.55
148.333333333,[ 85.26006531  22.15732659],[ 1.  1.  0.  0.  0.],4.0,10.0602532638,1475448057.55
148.666666667,[ 85.78993111  21.86189557],[ 1.  1.  0.  0.  0.],4.33333333333,10.1050054425,1475448057.55
149.0,[ 85.64606536  22.23707029],[ 1.  0.  1.  0.  0.],4.66666666667,10.1491609255,1475448057.78
149.333333333,[ 86.17078449  21.94057602],[ 1.  1.  0.  0.  0.],5.0,10.1371721131,1475448057.78
149.666666667,[ 86.68850736  21.64803501],[ 1.  1.  0.  0.  0.],5.33333333333,10.1808987072,1475448057.78
150.0,[ 86.53266059  22.02606121],[ 1.  0.  1.  0.  0.],5.66666666667,10.22404228,1475448058.01
150.333333333,[ 87.04555845  21.73238039],[ 1.  1.  0.  0.  0.],6.0,10.2110550496,1475448058.01
150.666666667,[ 87.55161767  21.44261532],[ 1.  1.  0.  0.  0.],6.33333333333,10.2537965378,1475448058.01
151.0,[ 88.05092944  21.15671378],[ 1.  1.  0.  0.  0.],6.66666666667,10.2959681395,1475448058.24
151.333333333,[ 88.54358371  20.87462426],[ 1.  1.  0.  0.  0.],7.0,10.3375774532,1475448058.24
151.666666667,[ 88.3630026   21.26296261],[ 1.  0.  1.  0.  0.],7.33333333333,10.3786319761,1475448058.24
152.0,[ 87.18482923  21.31278977],[ 0.  0.  0.  0.  1.],7.66666666667,10.3635835497,1475448058.46
152.333333333,[ 86.02236484  21.02861924],[ 0.  0.  0.  0.  0.],0.0,10.2654024357,1475448058.46
152.666666667,[ 84.87539997  20.74823765],[ 0.  0.  0.  0.  0.],0.0,10.1685304032,1475448058.46
153.0,[ 83.74372797  20.47159448],[ 0.  0.  0.  0.  0.],0.0,10.0729499979,1475448058.69
153.333333333,[ 82.62714494  20.19863989],[ 0.  0.  0.  0.  0.],0.0,9.97864399789,1475448058.69
153.666666667,[ 81.52544967  19.92932469],[ 0.  0.  0.  0.  0.],0.0,9.88559541125,1475448058.69
154.0,[ 80.43844367  19.66360036],[ 0.  0.  0.  0.  0.],0.0,9.79378747244,1475448078.92
154.333333333,[ 80.03259776  20.06808569],[ 0.  1.  1.  0.  0.],0.0,9.70320363947,1475448078.92
154.666666667,[ 78.96549645  19.80051122],[ 0.  0.  0.  0.  0.],0.0,9.6693831465,1475448078.92
155.0,[ 77.91262317  19.5365044 ],[ 0.  0.  0.  0.  0.],0.0,9.58045803788,1475448079.14
155.333333333,[ 76.87378819  19.27601767],[ 0.  0.  0.  0.  0.],0.0,9.49271859737,1475448079.14
155.666666667,[ 75.84880435  19.0190041 ],[ 0.  0.  0.  0.  0.],0.0,9.40614901608,1475448079.14
156.0,[ 74.83748696  18.76541738],[ 0.  0.  0.  0.  0.],0.0,9.32073369586,1475448079.37
156.333333333,[ 73.8396538   18.51521182],[ 0.  0.  0.  0.  0.],0.0,9.23645724658,1475448079.37
156.666666667,[ 72.85512508  18.26834233],[ 0.  0.  0.  0.  0.],0.0,9.1533044833,1475448079.37
157.0,[ 71.88372341  18.02476443],[ 0.  0.  0.  0.  0.],0.0,9.07126042352,1475448079.8
157.333333333,[ 70.92527377  17.78443424],[ 0.  0.  0.  0.  0.],0.0,8.99031028454,1475448079.8
157.666666667,[ 69.97960345  17.54730845],[ 0.  0.  0.  0.  0.],0.0,8.91043948074,1475448079.8
158.0,[ 70.04654207  18.31334433],[ 1.  0.  1.  0.  1.],0.0,8.831633621,1475448080.05
158.333333333,[ 70.11258818  18.73583308],[ 1.  0.  1.  0.  0.],0.333333333333,8.83721183939,1475448080.05
158.666666667,[ 70.84442034  18.48602197],[ 1.  1.  0.  0.  0.],0.666666666667,8.84271568153,1475448080.05
159.0,[ 71.56649473  18.23954168],[ 1.  1.  0.  0.  0.],1.0,8.90370169466,1475448080.27
159.333333333,[ 72.27894147  17.99634779],[ 1.  1.  0.  0.  0.],1.33333333333,8.96387456096,1475448080.27
159.666666667,[ 72.98188892  17.75639648],[ 1.  1.  0.  0.  0.],1.66666666667,9.02324512237,1475448080.28
160.0,[ 73.67546373  17.51964453],[ 1.  1.  0.  0.  0.],2.0,9.08182407629,1475448080.5
160.333333333,[ 74.35979088  17.28604927],[ 1.  1.  0.  0.  0.],2.33333333333,9.1396219775,1475448080.5
160.666666667,[ 75.03499367  17.05556861],[ 1.  1.  0.  0.  0.],2.66666666667,9.19664924002,1475448080.5
161.0,[ 75.70119375  16.82816103],[ 1.  1.  0.  0.  0.],3.0,9.25291613904,1475448080.73
161.333333333,[ 76.35851117  16.60378555],[ 1.  1.  0.  0.  0.],3.33333333333,9.30843281274,1475448080.73
161.666666667,[ 77.00706435  16.38240174],[ 1.  1.  0.  0.  0.],3.66666666667,9.36320926413,1475448080.73
162.0,[ 77.64697016  16.16396972],[ 1.  1.  0.  0.  0.],4.0,9.41725536283,1475448080.96
162.333333333,[ 78.27834389  15.94845012],[ 1.  1.  0.  0.  0.],4.33333333333,9.47058084688,1475448080.96
162.666666667,[ 78.23463264  16.40247079],[ 1.  0.  1.  0.  0.],4.66666666667,9.52319532448,1475448080.96
163.0,[ 77.19150421  16.51710451],[ 0.  0.  0.  0.  1.],5.0,9.51955272015,1475448081.19
163.333333333,[ 76.16228415  16.29687645],[ 0.  0.  0.  0.  0.],0.0,9.43262535055,1475448081.19
163.666666667,[ 75.14678703  16.07958477],[ 0.  0.  0.  0.  0.],0.0,9.34685701254,1475448081.19
164.0,[ 74.14482987  15.8651903 ],[ 0.  0.  0.  0.  0.],0.0,9.26223225237,1475448081.42
164.333333333,[ 73.15623214  15.65365443],[ 0.  0.  0.  0.  0.],0.0,9.17873582234,1475448081.42
164.666666667,[ 72.18081571  15.44493904],[ 0.  0.  0.  0.  0.],0.0,9.09635267804,1475448081.42
165.0,[ 71.21840483  15.23900652],[ 0.  0.  0.  0.  0.],0.0,9.01506797567,1475448081.65
165.333333333,[ 70.2688261   15.03581977],[ 0.  0.  0.  0.  0.],0.0,8.93486706933,1475448081.65
165.666666667,[ 69.33190842  14.83534217],[ 0.  0.  0.  0.  0.],0.0,8.8557355084,1475448081.65
166.0,[ 69.40748297  15.63753761],[ 1.  0.  1.  0.  1.],0.0,8.77765903496,1475448081.9
166.333333333,[ 69.48204987  16.09570377],[ 1.  0.  1.  0.  0.],0.333333333333,8.78395691449,1475448081.9
166.666666667,[ 69.55562254  16.54776105],[ 1.  0.  1.  0.  0.],0.666666666667,8.7901708223,1475448081.91
167.0,[ 69.62821424  16.99379091],[ 1.  0.  1.  0.  0.],1.0,8.796301878,1475448082.15
167.333333333,[ 69.69983805  17.43387369],[ 1.  0.  1.  0.  0.],1.33333333333,8.80235118629,1475448082.15
167.666666667,[ 69.77050687  17.86808871],[ 1.  0.  1.  0.  0.],1.66666666667,8.80831983714,1475448082.15
168.0,[ 69.84023345  18.2965142 ],[ 1.  0.  1.  0.  0.],2.0,8.81420890598,1475448082.4
168.333333333,[ 69.90903033  18.71922734],[ 1.  0.  1.  0.  0.],2.33333333333,8.8200194539,1475448082.4
168.666666667,[ 69.97690993  19.13630431],[ 1.  0.  1.  0.  0.],2.66666666667,8.82575252785,1475448082.4
169.0,[ 69.04388446  19.21448692],[ 0.  0.  0.  0.  1.],3.0,8.83140916081,1475448082.68
169.333333333,[ 68.12329934  18.95829376],[ 0.  0.  0.  0.  0.],0.0,8.75365703867,1475448082.68
169.666666667,[ 67.21498868  18.70551651],[ 0.  0.  0.  0.  0.],0.0,8.67694161149,1475448082.68
170.0,[ 67.31878883  19.45610962],[ 1.  0.  1.  0.  1.],0.0,8.60124905667,1475448082.96
170.333333333,[ 67.42120498  19.86336149],[ 1.  0.  1.  0.  0.],0.333333333333,8.60989906924,1475448082.96
170.666666667,[ 67.52225558  20.26518334],[ 1.  0.  1.  0.  0.],0.666666666667,8.61843374832,1475448082.96
171.0,[ 67.62195884  20.66164756],[ 1.  0.  1.  0.  0.],1.0,8.62685463168,1475448083.26
171.333333333,[ 67.72033272  21.0528256 ],[ 1.  0.  1.  0.  0.],1.33333333333,8.63516323659,1475448083.26
171.666666667,[ 67.81739495  21.43878792],[ 1.  0.  1.  0.  0.],1.66666666667,8.6433610601,1475448083.26
172.0,[ 66.91316302  21.48627075],[ 0.  0.  0.  0.  1.],2.0,8.6514495793,1475448083.5
172.333333333,[ 66.02098751  21.19978714],[ 0.  0.  0.  0.  0.],0.0,8.57609691824,1475448083.5
172.666666667,[ 65.14070768  20.91712331],[ 0.  0.  0.  0.  0.],0.0,8.50174895933,1475448083.5
173.0,[ 65.93883158  20.97156167],[ 1.  1.  0.  0.  1.],0.0,8.42839230654,1475448083.73
173.333333333,[ 66.05964716  21.35860751],[ 1.  0.  1.  0.  0.],0.333333333333,8.49490263134,1475448083.73
173.666666667,[ 66.17885186  21.74049274],[ 1.  0.  1.  0.  0.],0.666666666667,8.50497059626,1475448083.73
174.0,[ 66.29646717  22.11728617],[ 1.  0.  1.  0.  0.],1.0,8.51490432164,1475448104.02
174.333333333,[ 66.41251427  22.48905569],[ 1.  0.  1.  0.  0.],1.33333333333,8.52470559735,1475448104.02
174.666666667,[ 66.52701408  22.85586828],[ 1.  0.  1.  0.  0.],1.66666666667,8.53437618939,1475448104.02
175.0,[ 66.63998723  23.21779004],[ 1.  0.  1.  0.  0.],2.0,8.5439178402,1475448104.27
175.333333333,[ 66.75145406  23.57488617],[ 1.  0.  1.  0.  0.],2.33333333333,8.55333226899,1475448104.27
175.666666667,[ 66.86143468  23.92722102],[ 1.  0.  1.  0.  0.],2.66666666667,8.56262117207,1475448104.27
176.0,[ 65.96994888  23.94152474],[ 0.  0.  0.  0.  1.],3.0,8.57178622311,1475448104.54
176.333333333,[ 65.75701623  24.28897108],[ 0.  1.  1.  0.  0.],0.0,8.49749574014,1475448104.54
176.666666667,[ 65.54692268  24.6317848 ],[ 0.  1.  1.  0.  0.],0.0,8.47975135249,1475448104.54
177.0,[ 66.33963038  24.63669433],[ 1.  1.  0.  0.  1.],0.0,8.46224355668,1475448104.77
177.333333333,[ 67.12176864  24.30820508],[ 1.  1.  0.  0.  0.],0.333333333333,8.52830253148,1475448104.77
177.666666667,[ 67.89347839  23.98409567],[ 1.  1.  0.  0.  0.],0.666666666667,8.59348071995,1475448104.77
178.0,[ 67.98823201  24.3309744 ],[ 1.  0.  1.  0.  0.],1.0,8.65778986591,1475448105.0
178.333333333,[ 68.74838892  24.00656141],[ 1.  1.  0.  0.  0.],1.33333333333,8.66568600103,1475448105.01
178.666666667,[ 69.4984104   23.68647392],[ 1.  1.  0.  0.  0.],1.66666666667,8.7290324099,1475448105.01
179.0,[ 70.23843159  23.37065427],[ 1.  1.  0.  0.  0.],2.0,8.79153419999,1475448105.24
179.333333333,[ 70.96858584  23.05904555],[ 1.  1.  0.  0.  0.],2.33333333333,8.85320263288,1475448105.24
179.666666667,[ 71.6890047   22.75159161],[ 1.  1.  0.  0.  0.],2.66666666667,8.91404882,1475448105.24
