./simulation results/2016-10-2_18-24-48.txt

Comfortable Program

simTime, model.x, model.u, model.d, model.z, systemTime

0.0,[ 1.          0.33333333],[ 1.  0.  1.  0.  1.],0.0,3.0,1475450688.72
0.333333333333,[ 1.98666667  0.99555556],[ 1.  0.  1.  0.  0.],0.333333333333,3.08333333333,1475450688.78
0.666666666667,[ 2.96017778  1.64894815],[ 1.  0.  1.  0.  0.],0.666666666667,3.16555555556,1475450689.11
1.0,[ 3.92070874  2.29362884],[ 1.  0.  1.  0.  0.],1.0,3.24668148148,1475450689.66
1.33333333333,[ 4.86843262  2.92971379],[ 1.  0.  1.  0.  0.],1.33333333333,3.3267257284,1475450689.77
1.66666666667,[ 5.80352019  3.5573176 ],[ 1.  0.  1.  0.  0.],1.66666666667,3.40570271868,1475450690.11
2.0,[ 6.72613992  4.17655337],[ 1.  0.  1.  0.  0.],2.0,3.48362668243,1475450690.66
2.33333333333,[ 7.63645805  4.78753266],[ 1.  0.  1.  0.  0.],2.33333333333,3.56051166,1475450690.77
2.66666666667,[ 9.20130528  4.72369889],[ 1.  1.  0.  0.  0.],2.66666666667,3.63637150453,1475450691.12
3.0,[ 9.74528788  4.99404957],[ 0.  1.  1.  0.  1.],3.0,3.76677544003,1475450691.66
3.33333333333,[ 10.28201737   5.59412891],[ 0.  1.  1.  0.  0.],0.0,3.81210732305,1475450691.78
3.66666666667,[ 10.81159047   6.18620719],[ 0.  1.  1.  0.  0.],0.0,3.85683478097,1475450692.11
4.0,[ 11.3341026   6.7703911],[ 0.  1.  1.  0.  0.],0.0,3.90096587278,1475450692.66
4.33333333333,[ 11.8496479    7.34678588],[ 0.  1.  1.  0.  0.],0.0,3.94450855003,1475450692.77
4.66666666667,[ 12.35831926   7.9154954 ],[ 0.  1.  1.  0.  0.],0.0,3.98747065825,1475450693.11
5.0,[ 12.86020834   8.47662213],[ 0.  1.  1.  0.  0.],0.0,4.02985993836,1475450693.66
5.33333333333,[ 13.35540556   9.03026717],[ 0.  1.  1.  0.  0.],0.0,4.07168402807,1475450693.78
5.66666666667,[ 13.84400015   9.57653027],[ 0.  1.  1.  0.  0.],0.0,4.11295046325,1475450694.11
6.0,[ 13.65941348   9.4488432 ],[ 0.  0.  0.  0.  0.],0.0,4.1536666793,1475450694.65
6.33333333333,[ 13.47728797   9.32285863],[ 0.  0.  0.  0.  0.],0.0,4.13828445691,1475450694.78
6.66666666667,[ 13.2975908    9.19855384],[ 0.  0.  0.  0.  0.],0.0,4.12310733082,1475450695.11
7.0,[ 14.12028959   9.40923979],[ 1.  0.  1.  0.  1.],0.0,4.10813256641,1475450695.64
7.33333333333,[ 14.93201906   9.95044993],[ 1.  0.  1.  0.  0.],0.333333333333,4.17669079885,1475450695.78
7.66666666667,[ 15.73292547  10.48444393],[ 1.  0.  1.  0.  0.],0.666666666667,4.24433492154,1475450696.11
8.0,[ 17.1898198   10.34465134],[ 1.  1.  0.  0.  0.],1.0,4.31107712258,1475450696.66
8.33333333333,[ 18.62728887  10.20672266],[ 1.  1.  0.  0.  0.],1.33333333333,4.43248498317,1475450696.78
8.66666666667,[ 20.04559168  10.07063302],[ 1.  1.  0.  0.  0.],1.66666666667,4.55227407228,1475450697.11
9.0,[ 20.44498379  10.26969125],[ 0.  1.  1.  0.  1.],2.0,4.67046597354,1475450697.65
9.33333333333,[ 20.83905068  10.7994287 ],[ 0.  1.  1.  0.  0.],0.0,4.70374864945,1475450697.78
9.66666666667,[ 21.22786333  11.32210299],[ 0.  1.  1.  0.  0.],0.0,4.73658755635,1475450698.11
10.0,[ 21.61149182  11.83780828],[ 0.  1.  1.  0.  0.],0.0,4.76898861115,1475450698.66
10.3333333333,[ 21.99000527  12.3466375 ],[ 0.  1.  1.  0.  0.],0.0,4.80095765189,1475450698.78
10.6666666667,[ 22.36347186  12.84868233],[ 0.  1.  1.  0.  0.],0.0,4.83250043875,1475450699.11
11.0,[ 22.7319589   13.34403324],[ 0.  1.  1.  0.  0.],0.0,4.86362265513,1475450699.65
11.3333333333,[ 23.09553278  13.83277946],[ 0.  1.  1.  0.  0.],0.0,4.89432990861,1475450699.77
11.6666666667,[ 22.78759235  13.6483424 ],[ 0.  0.  0.  0.  0.],0.0,4.92462773205,1475450700.11
12.0,[ 23.48375778  13.79969784],[ 1.  0.  1.  0.  1.],0.0,4.89896602896,1475450700.64
12.3333333333,[ 24.17064101  14.28236853],[ 1.  0.  1.  0.  0.],0.333333333333,4.95697981524,1475450700.77
12.6666666667,[ 24.8483658   14.75860362],[ 1.  0.  1.  0.  0.],0.666666666667,5.01422008437,1475450701.11
13.0,[ 26.18372092  14.56182224],[ 1.  1.  0.  0.  0.],1.0,5.07069714991,1475450701.65
13.3333333333,[ 27.50127131  14.36766461],[ 1.  1.  0.  0.  0.],1.33333333333,5.18197674347,1475450701.77
13.6666666667,[ 28.80125436  14.17609574],[ 1.  1.  0.  0.  0.],1.66666666667,5.29177260911,1475450702.11
14.0,[ 29.0839043   14.32041447],[ 0.  1.  1.  0.  1.],2.0,5.40010452988,1475450702.65
14.3333333333,[ 29.36278558  14.79614228],[ 0.  1.  1.  0.  0.],0.0,5.4236586917,1475450702.78
14.6666666667,[ 29.63794844  15.26552704],[ 0.  1.  1.  0.  0.],0.0,5.44689879804,1475450703.11
15.0,[ 29.90944246  15.72865335],[ 0.  1.  1.  0.  0.],0.0,5.46982903628,1475450703.65
15.3333333333,[ 30.17731656  16.18560464],[ 0.  1.  1.  0.  0.],0.0,5.49245353802,1475450703.78
15.6666666667,[ 30.441619    16.63646324],[ 0.  1.  1.  0.  0.],0.0,5.51477637974,1475450704.11
16.0,[ 30.70239742  17.0813104 ],[ 0.  1.  1.  0.  0.],0.0,5.53680158356,1475450704.65
16.3333333333,[ 30.95969878  17.52022626],[ 0.  1.  1.  0.  0.],0.0,5.55853311801,1475450704.77
16.6666666667,[ 31.21356947  17.95328991],[ 0.  1.  1.  0.  0.],0.0,5.57997489865,1475450705.11
17.0,[ 31.46405521  18.38057938],[ 0.  1.  1.  0.  0.],0.0,5.60113078889,1475450705.64
17.3333333333,[ 31.71120114  18.80217166],[ 0.  1.  1.  0.  0.],0.0,5.6220046006,1475450705.77
17.6666666667,[ 31.28838512  18.55147603],[ 0.  0.  0.  0.  0.],0.0,5.64260009481,1475450706.11
18.0,[ 31.87120665  18.63745635],[ 1.  0.  1.  0.  1.],0.0,5.60736542688,1475450706.65
18.3333333333,[ 32.44625723  19.0556236 ],[ 1.  0.  1.  0.  0.],0.333333333333,5.65593388786,1475450706.77
18.6666666667,[ 33.01364047  19.46821529],[ 1.  0.  1.  0.  0.],0.666666666667,5.70385476935,1475450707.11
19.0,[ 34.24012526  19.20863908],[ 1.  1.  0.  0.  0.],1.0,5.75113670576,1475450707.64
19.3333333333,[ 35.45025693  18.95252389],[ 1.  1.  0.  0.  0.],1.33333333333,5.85334377191,1475450707.77
19.6666666667,[ 36.6442535   18.69982358],[ 1.  1.  0.  0.  0.],1.66666666667,5.95418807717,1475450708.11
20.0,[ 36.82233012  18.78382593],[ 0.  1.  1.  0.  1.],2.0,6.0536877917,1475450708.66
20.3333333333,[ 36.99803239  19.20004158],[ 0.  1.  1.  0.  0.],0.0,6.06852751003,1475450708.77
20.6666666667,[ 37.17139195  19.6107077 ],[ 0.  1.  1.  0.  0.],0.0,6.08316936545,1475450709.11
21.0,[ 37.34244006  20.01589826],[ 0.  1.  1.  0.  0.],0.0,6.09761599613,1475450709.66
21.3333333333,[ 37.51120753  20.41568628],[ 0.  1.  1.  0.  0.],0.0,6.11187000507,1475450709.78
21.6666666667,[ 37.67772476  20.8101438 ],[ 0.  1.  1.  0.  0.],0.0,6.12593396056,1475450710.11
22.0,[ 37.84202176  21.19934188],[ 0.  1.  1.  0.  0.],0.0,6.13981039664,1475450710.65
22.3333333333,[ 38.00412814  21.58335066],[ 0.  1.  1.  0.  0.],0.0,6.15350181358,1475450710.78
22.6666666667,[ 38.1640731   21.96223931],[ 0.  1.  1.  0.  0.],0.0,6.16701067828,1475450711.11
23.0,[ 38.32188546  22.33607612],[ 0.  1.  1.  0.  0.],0.0,6.1803394248,1475450711.65
23.3333333333,[ 38.47759365  22.70492844],[ 0.  1.  1.  0.  0.],0.0,6.19349045469,1475450711.78
23.6666666667,[ 38.63122573  23.06886273],[ 0.  1.  1.  0.  0.],0.0,6.20646613751,1475450712.11
24.0,[ 38.78280939  23.42794456],[ 0.  1.  1.  0.  0.],0.0,6.21926881124,1475450712.65
24.3333333333,[ 38.93237193  23.78223863],[ 0.  1.  1.  0.  0.],0.0,6.23190078264,1475450712.78
24.6666666667,[ 39.07994031  24.13180878],[ 0.  1.  1.  0.  0.],0.0,6.24436432776,1475450713.11
25.0,[ 39.2255411  24.476718 ],[ 0.  1.  1.  0.  0.],0.0,6.25666169228,1475450713.66
25.3333333333,[ 39.36920056  24.81702843],[ 0.  1.  1.  0.  0.],0.0,6.26879509194,1475450713.77
25.6666666667,[ 39.51094455  25.15280138],[ 0.  1.  1.  0.  0.],0.0,6.28076671294,1475450734.11
26.0,[ 38.98413195  24.8174307 ],[ 0.  0.  0.  0.  0.],0.0,6.29257871232,1475450734.35
26.3333333333,[ 38.46434353  24.48653162],[ 0.  0.  0.  0.  0.],0.0,6.24867766282,1475450734.35
26.6666666667,[ 37.95148561  24.16004453],[ 0.  0.  0.  0.  0.],0.0,6.20536196065,1475450734.35
27.0,[ 39.11213247  23.50457727],[ 1.  1.  0.  0.  1.],0.0,6.16262380118,1475450734.57
27.3333333333,[ 40.25730404  23.19118291],[ 1.  1.  0.  0.  0.],0.333333333333,6.25934437271,1475450734.57
27.6666666667,[ 41.38720665  22.88196714],[ 1.  1.  0.  0.  0.],0.666666666667,6.35477533663,1475450734.57
28.0,[ 41.5020439   22.91020757],[ 0.  1.  1.  0.  1.],1.0,6.4489338877,1475450734.8
28.3333333333,[ 41.61534998  23.27140481],[ 0.  1.  1.  0.  0.],0.0,6.45850365809,1475450734.8
28.6666666667,[ 41.72714531  23.62778608],[ 0.  1.  1.  0.  0.],0.0,6.46794583154,1475450734.8
29.0,[ 41.83745004  23.97941559],[ 0.  1.  1.  0.  0.],0.0,6.47726210934,1475450735.03
29.3333333333,[ 41.94628404  24.32635672],[ 0.  1.  1.  0.  0.],0.0,6.4864541701,1475450735.03
29.6666666667,[ 42.05366692  24.66867196],[ 0.  1.  1.  0.  0.],0.0,6.49552367006,1475450735.03
30.0,[ 42.15961803  25.006423  ],[ 0.  1.  1.  0.  0.],0.0,6.50447224334,1475450735.26
30.3333333333,[ 42.26415645  25.3396707 ],[ 0.  1.  1.  0.  0.],0.0,6.51330150232,1475450735.26
30.6666666667,[ 42.36730103  25.66847509],[ 0.  1.  1.  0.  0.],0.0,6.52201303785,1475450735.26
31.0,[ 42.46907035  25.99289542],[ 0.  1.  1.  0.  0.],0.0,6.53060841956,1475450735.49
31.3333333333,[ 42.56948275  26.31299015],[ 0.  1.  1.  0.  0.],0.0,6.53908919619,1475450735.49
31.6666666667,[ 42.66855631  26.62881695],[ 0.  1.  1.  0.  0.],0.0,6.5474568958,1475450735.49
32.0,[ 42.7663089   26.94043272],[ 0.  1.  1.  0.  0.],0.0,6.55571302608,1475450735.72
32.3333333333,[ 42.86275811  27.24789362],[ 0.  1.  1.  0.  0.],0.0,6.56385907462,1475450735.72
32.6666666667,[ 42.95792134  27.55125504],[ 0.  1.  1.  0.  0.],0.0,6.57189650918,1475450735.72
33.0,[ 43.05181572  27.85057163],[ 0.  1.  1.  0.  0.],0.0,6.57982677794,1475450735.94
33.3333333333,[ 43.14445817  28.14589735],[ 0.  1.  1.  0.  0.],0.0,6.58765130979,1475450735.94
33.6666666667,[ 43.2358654   28.43728538],[ 0.  1.  1.  0.  0.],0.0,6.59537151455,1475450735.94
34.0,[ 43.32605386  28.72478824],[ 0.  1.  1.  0.  0.],0.0,6.60298878325,1475450736.18
34.3333333333,[ 43.41503981  29.00845773],[ 0.  1.  1.  0.  0.],0.0,6.61050448836,1475450736.18
34.6666666667,[ 43.50283928  29.28834496],[ 0.  1.  1.  0.  0.],0.0,6.61791998407,1475450736.18
35.0,[ 43.58946809  29.56450036],[ 0.  1.  1.  0.  0.],0.0,6.62523660651,1475450736.41
35.3333333333,[ 43.67494185  29.83697369],[ 0.  1.  1.  0.  0.],0.0,6.63245567397,1475450736.41
35.6666666667,[ 43.75927596  30.10581404],[ 0.  1.  1.  0.  0.],0.0,6.63957848721,1475450736.41
36.0,[ 43.84248561  30.37106986],[ 0.  1.  1.  0.  0.],0.0,6.6466063296,1475450736.63
36.3333333333,[ 43.9245858   30.63278892],[ 0.  1.  1.  0.  0.],0.0,6.65354046743,1475450736.63
36.6666666667,[ 44.00559132  30.89101841],[ 0.  1.  1.  0.  0.],0.0,6.66038215009,1475450736.63
37.0,[ 44.08551677  31.14580483],[ 0.  1.  1.  0.  0.],0.0,6.66713261031,1475450736.86
37.3333333333,[ 44.16437655  31.3971941 ],[ 0.  1.  1.  0.  0.],0.0,6.67379306439,1475450736.86
37.6666666667,[ 44.24218486  31.64523151],[ 0.  1.  1.  0.  0.],0.0,6.68036471242,1475450736.86
38.0,[ 44.31895573  31.88996175],[ 0.  1.  1.  0.  0.],0.0,6.68684873848,1475450737.08
38.3333333333,[ 44.39470299  32.13142893],[ 0.  1.  1.  0.  0.],0.0,6.69324631086,1475450737.08
38.6666666667,[ 44.46944028  32.36967655],[ 0.  1.  1.  0.  0.],0.0,6.69955858227,1475450737.08
39.0,[ 44.54318108  32.60474752],[ 0.  1.  1.  0.  0.],0.0,6.70578669006,1475450737.31
39.3333333333,[ 44.61593866  32.83668422],[ 0.  1.  1.  0.  0.],0.0,6.71193175641,1475450737.31
39.6666666667,[ 44.68772615  33.06552843],[ 0.  1.  1.  0.  0.],0.0,6.71799488855,1475450737.31
40.0,[ 44.75855647  33.29132139],[ 0.  1.  1.  0.  0.],0.0,6.72397717892,1475450737.53
40.3333333333,[ 44.82844238  33.51410377],[ 0.  1.  1.  0.  0.],0.0,6.72987970543,1475450737.53
40.6666666667,[ 44.89739648  33.73391572],[ 0.  1.  1.  0.  0.],0.0,6.73570353158,1475450737.53
41.0,[ 44.96543119  33.95079684],[ 0.  1.  1.  0.  0.],0.0,6.74144970671,1475450737.76
41.3333333333,[ 45.03255878  34.16478622],[ 0.  1.  1.  0.  0.],0.0,6.74711926618,1475450737.76
41.6666666667,[ 45.09879133  34.3759224 ],[ 0.  1.  1.  0.  0.],0.0,6.75271323152,1475450737.76
42.0,[ 45.16414078  34.58424344],[ 0.  1.  1.  0.  0.],0.0,6.75823261065,1475450737.98
42.3333333333,[ 45.2286189   34.78978686],[ 0.  1.  1.  0.  0.],0.0,6.76367839807,1475450737.98
42.6666666667,[ 45.29223731  34.9925897 ],[ 0.  1.  1.  0.  0.],0.0,6.76905157498,1475450737.98
43.0,[ 45.35500748  35.1926885 ],[ 0.  1.  1.  0.  0.],0.0,6.77435310954,1475450738.22
43.3333333333,[ 45.41694072  35.39011932],[ 0.  1.  1.  0.  0.],0.0,6.77958395697,1475450738.22
43.6666666667,[ 45.47804817  35.58491773],[ 0.  1.  1.  0.  0.],0.0,6.78474505976,1475450738.22
44.0,[ 44.8716742   35.11045216],[ 0.  0.  0.  0.  0.],0.0,6.78983734785,1475450738.45
44.3333333333,[ 44.27338521  34.6423128 ],[ 0.  0.  0.  0.  0.],0.0,6.73930618322,1475450738.45
44.6666666667,[ 43.68307341  34.1804153 ],[ 0.  0.  0.  0.  0.],0.0,6.68944876744,1475450738.45
45.0,[ 44.10063243  34.05800976],[ 1.  0.  1.  0.  1.],0.0,6.64025611721,1475450738.67
45.3333333333,[ 44.512624    34.27056963],[ 1.  0.  1.  0.  0.],0.333333333333,6.67505270231,1475450738.67
45.6666666667,[ 44.91912234  34.48029537],[ 1.  0.  1.  0.  0.],0.666666666667,6.70938533295,1475450738.67
46.0,[ 45.32020071  34.68722476],[ 1.  0.  1.  0.  0.],1.0,6.74326019517,1475450738.9
46.3333333333,[ 45.71593137  34.8913951 ],[ 1.  0.  1.  0.  0.],1.33333333333,6.77668339257,1475450738.9
46.6666666667,[ 46.10638562  35.09284317],[ 1.  0.  1.  0.  0.],1.66666666667,6.80966094734,1475450738.9
47.0,[ 46.49163381  35.29160526],[ 1.  0.  1.  0.  0.],2.0,6.84219880137,1475450739.12
47.3333333333,[ 46.87174536  35.48771719],[ 1.  0.  1.  0.  0.],2.33333333333,6.87430281735,1475450739.12
47.6666666667,[ 47.24678875  35.68121429],[ 1.  0.  1.  0.  0.],2.66666666667,6.90597877979,1475450739.12
48.0,[ 47.61683157  35.87213143],[ 1.  0.  1.  0.  0.],3.0,6.93723239606,1475450739.34
48.3333333333,[ 47.98194048  36.06050301],[ 1.  0.  1.  0.  0.],3.33333333333,6.96806929745,1475450739.35
48.6666666667,[ 48.34218128  36.24636297],[ 1.  0.  1.  0.  0.],3.66666666667,6.99849504015,1475450739.35
49.0,[ 48.69761886  36.4297448 ],[ 1.  0.  1.  0.  0.],4.0,7.02851510628,1475450739.57
49.3333333333,[ 49.04831727  36.61068154],[ 1.  0.  1.  0.  0.],4.33333333333,7.05813490486,1475450739.57
49.6666666667,[ 49.39433971  36.78920578],[ 1.  0.  1.  0.  0.],4.66666666667,7.0873597728,1475450739.57
50.0,[ 49.73574851  36.96534971],[ 1.  0.  1.  0.  0.],5.0,7.11619497582,1475450739.79
50.3333333333,[ 50.0726052   37.13914504],[ 1.  0.  1.  0.  0.],5.33333333333,7.14464570948,1475450739.79
50.6666666667,[ 50.40497046  37.31062311],[ 1.  0.  1.  0.  0.],5.66666666667,7.17271710002,1475450739.79
51.0,[ 50.73290419  37.4798148 ],[ 1.  0.  1.  0.  0.],6.0,7.20041420535,1475450740.03
51.3333333333,[ 51.05646547  37.6467506 ],[ 1.  0.  1.  0.  0.],6.33333333333,7.22774201595,1475450740.03
51.6666666667,[ 51.3757126  37.8114606],[ 1.  0.  1.  0.  0.],6.66666666667,7.25470545574,1475450740.11
52.0,[ 51.69070309  37.97397445],[ 1.  0.  1.  0.  0.],7.0,7.28130938299,1475450740.66
52.3333333333,[ 51.00149372  39.4676548 ],[ 1.  0.  1.  1.  0.],7.33333333333,7.30755859122,1475450740.78
52.6666666667,[ 50.3214738  40.9414194],[ 1.  0.  1.  1.  0.],7.66666666667,7.25012447667,1475450761.11
53.0,[ 49.65052082  42.39553381],[ 1.  0.  1.  1.  0.],8.0,7.19345615031,1475450761.33
53.3333333333,[ 48.98851388  43.83026002],[ 1.  0.  1.  1.  0.],8.33333333333,7.13754340164,1475450761.33
53.6666666667,[ 48.33533369  45.24585655],[ 1.  0.  1.  1.  0.],8.66666666667,7.08237615629,1475450761.33
54.0,[ 47.69086257  46.64257847],[ 1.  0.  1.  1.  0.],9.0,7.0279444742,1475450761.56
54.3333333333,[ 47.05498441  48.02067742],[ 1.  0.  1.  1.  0.],9.33333333333,6.97423854788,1475450761.56
54.6666666667,[ 46.42758461  49.38040172],[ 1.  0.  1.  1.  0.],9.66666666667,6.92124870058,1475450761.56
55.0,[ 45.80855015  50.72199637],[ 1.  0.  1.  1.  0.],10.0,6.86896538457,1475450761.78
55.3333333333,[ 45.19776948  52.04570308],[ 1.  0.  1.  1.  0.],10.3333333333,6.81737917944,1475450761.79
55.6666666667,[ 44.59513256  53.35176037],[ 1.  0.  1.  1.  0.],10.6666666667,6.76648079038,1475450761.79
56.0,[ 44.66719746  53.9737369 ],[ 1.  1.  0.  1.  0.],11.0,6.71626104651,1475450762.01
56.3333333333,[ 44.73830149  54.58742041],[ 1.  1.  0.  1.  0.],11.3333333333,6.72226645478,1475450762.01
56.6666666667,[ 44.80845747  55.19292147],[ 1.  1.  0.  1.  0.],11.6666666667,6.72819179094,1475450762.01
57.0,[ 44.87767804  55.79034918],[ 1.  1.  0.  1.  0.],12.0,6.73403812261,1475450762.24
57.3333333333,[ 44.94597566  56.3798112 ],[ 1.  1.  0.  1.  0.],12.3333333333,6.7398065032,1475450762.24
57.6666666667,[ 45.01336266  56.96141371],[ 1.  1.  0.  1.  0.],12.6666666667,6.74549797205,1475450762.24
58.0,[ 45.07985115  57.53526153],[ 1.  1.  0.  1.  0.],13.0,6.75111355464,1475450762.47
58.3333333333,[ 45.14545314  58.10145804],[ 1.  1.  0.  1.  0.],13.3333333333,6.7566542628,1475450762.47
58.6666666667,[ 45.21018043  58.66010527],[ 1.  1.  0.  1.  0.],13.6666666667,6.76212109485,1475450762.47
59.0,[ 45.27404469  59.21130387],[ 1.  1.  0.  1.  0.],14.0,6.76751503581,1475450762.71
59.3333333333,[ 45.33705743  59.75515315],[ 1.  1.  0.  1.  0.],14.3333333333,6.77283705756,1475450762.72
59.6666666667,[ 45.39923     60.29175111],[ 1.  1.  0.  1.  0.],14.6666666667,6.77808811901,1475450762.72
60.0,[ 45.4605736   60.82119442],[ 1.  1.  0.  1.  0.],15.0,6.78326916631,1475450762.95
60.3333333333,[ 45.52109928  61.3435785 ],[ 1.  1.  0.  1.  0.],15.3333333333,6.78838113299,1475450762.95
60.6666666667,[ 45.58081796  61.85899745],[ 1.  1.  0.  1.  0.],15.6666666667,6.7934249401,1475450762.95
61.0,[ 45.63974038  62.36754415],[ 1.  1.  0.  1.  0.],16.0,6.79840149646,1475450763.18
61.3333333333,[ 45.69787718  62.86931023],[ 1.  1.  0.  1.  0.],16.3333333333,6.80331169872,1475450763.18
61.6666666667,[ 45.75523882  63.36438609],[ 1.  1.  0.  1.  0.],16.6666666667,6.80815643163,1475450763.18
62.0,[ 45.81183563  63.85286095],[ 1.  1.  0.  1.  0.],17.0,6.8129365681,1475450763.41
62.3333333333,[ 45.86767782  64.3348228 ],[ 1.  1.  0.  1.  0.],17.3333333333,6.81765296941,1475450763.41
62.6666666667,[ 45.92277545  64.8103585 ],[ 1.  1.  0.  1.  0.],17.6666666667,6.82230648538,1475450763.41
63.0,[ 45.97713845  65.27955372],[ 1.  1.  0.  1.  0.],18.0,6.82689795446,1475450763.64
63.3333333333,[ 46.0307766  65.742493 ],[ 1.  1.  0.  1.  0.],18.3333333333,6.83142820396,1475450763.64
63.6666666667,[ 46.08369958  66.19925976],[ 1.  1.  0.  1.  0.],18.6666666667,6.83589805012,1475450763.64
64.0,[ 46.13591692  66.6499363 ],[ 1.  1.  0.  1.  0.],19.0,6.84030829835,1475450763.87
64.3333333333,[ 46.18743803  67.09460381],[ 1.  1.  0.  1.  0.],19.3333333333,6.84465974326,1475450763.87
64.6666666667,[ 46.23827219  67.53334243],[ 1.  1.  0.  1.  0.],19.6666666667,6.8489531689,1475450763.87
65.0,[ 46.28842856  67.9662312 ],[ 1.  1.  0.  1.  0.],20.0,6.85318934887,1475450764.1
65.3333333333,[ 46.33791618  68.39334811],[ 1.  1.  0.  1.  0.],20.3333333333,6.85736904644,1475450764.1
65.6666666667,[ 46.38674396  68.81477014],[ 1.  1.  0.  1.  0.],20.6666666667,6.86149301471,1475450764.1
66.0,[ 46.43492071  69.2305732 ],[ 1.  1.  0.  1.  0.],21.0,6.86556199674,1475450764.34
66.3333333333,[ 46.4824551   69.64083223],[ 1.  1.  0.  1.  0.],21.3333333333,6.86957672567,1475450764.34
66.6666666667,[ 46.5293557   70.04562113],[ 1.  1.  0.  1.  0.],21.6666666667,6.87353792488,1475450764.34
67.0,[ 46.57563095  70.44501285],[ 1.  1.  0.  1.  0.],22.0,6.87744630811,1475450764.58
67.3333333333,[ 46.62128921  70.83907934],[ 1.  1.  0.  1.  0.],22.3333333333,6.88130257956,1475450764.58
67.6666666667,[ 46.66633869  71.22789162],[ 1.  1.  0.  1.  0.],22.6666666667,6.88510743405,1475450764.58
68.0,[ 46.7107875   71.61151973],[ 1.  1.  0.  1.  0.],23.0,6.88886155715,1475450764.81
68.3333333333,[ 46.75464367  71.9900328 ],[ 1.  1.  0.  1.  0.],23.3333333333,6.89256562528,1475450764.81
68.6666666667,[ 46.79791509  72.36349903],[ 1.  1.  0.  1.  0.],23.6666666667,6.89622030583,1475450764.81
69.0,[ 46.84060955  72.73198571],[ 1.  1.  0.  1.  0.],24.0,6.89982625731,1475450765.05
69.3333333333,[ 46.88273476  73.09555923],[ 1.  1.  0.  1.  0.],24.3333333333,6.90338412943,1475450765.05
69.6666666667,[ 46.9242983   73.45428511],[ 1.  1.  0.  1.  0.],24.6666666667,6.90689456326,1475450765.05
70.0,[ 46.96530765  73.80822798],[ 1.  1.  0.  1.  0.],25.0,6.91035819131,1475450765.28
70.3333333333,[ 47.00577022  74.1574516 ],[ 1.  1.  0.  1.  0.],25.3333333333,6.91377563765,1475450765.28
70.6666666667,[ 47.04569328  74.50201892],[ 1.  1.  0.  1.  0.],25.6666666667,6.91714751803,1475450765.28
71.0,[ 47.08508404  74.841992  ],[ 1.  1.  0.  1.  0.],26.0,6.92047444001,1475450765.52
71.3333333333,[ 47.12394958  75.1774321 ],[ 1.  1.  0.  1.  0.],26.3333333333,6.92375700304,1475450765.52
71.6666666667,[ 47.16229692  75.50839968],[ 1.  1.  0.  1.  0.],26.6666666667,6.92699579855,1475450765.52
72.0,[ 47.20013296  75.83495435],[ 1.  1.  0.  1.  0.],27.0,6.93019141013,1475450765.75
72.3333333333,[ 47.23746452  76.15715496],[ 1.  1.  0.  1.  0.],27.3333333333,6.93334441355,1475450765.75
72.6666666667,[ 47.27429833  76.47505956],[ 1.  1.  0.  1.  0.],27.6666666667,6.93645537692,1475450765.75
73.0,[ 47.31064102  76.78872543],[ 1.  1.  0.  1.  0.],28.0,6.93952486079,1475450765.98
73.3333333333,[ 47.34649914  77.09820909],[ 1.  1.  0.  1.  0.],28.3333333333,6.9425534182,1475450765.99
73.6666666667,[ 47.38187915  77.4035663 ],[ 1.  1.  0.  1.  0.],28.6666666667,6.94554159484,1475450765.99
74.0,[ 47.41678743  77.70485208],[ 1.  1.  0.  1.  0.],29.0,6.94848992913,1475450766.22
74.3333333333,[ 47.45123026  78.00212072],[ 1.  1.  0.  1.  0.],29.3333333333,6.9513989523,1475450766.22
74.6666666667,[ 47.48521386  78.29542578],[ 1.  1.  0.  1.  0.],29.6666666667,6.95426918849,1475450766.22
75.0,[ 47.51874434  78.5848201 ],[ 1.  1.  0.  1.  0.],30.0,6.95710115487,1475450766.47
75.3333333333,[ 47.55182775  78.87035583],[ 1.  1.  0.  1.  0.],30.3333333333,6.95989536169,1475450766.47
75.6666666667,[ 47.58447005  79.15208442],[ 1.  1.  0.  1.  0.],30.6666666667,6.96265231243,1475450766.47
76.0,[ 47.61667711  79.43005663],[ 1.  1.  0.  1.  0.],31.0,6.96537250382,1475450766.73
76.3333333333,[ 47.64845475  79.70432254],[ 1.  1.  0.  1.  0.],31.3333333333,6.96805642599,1475450766.73
76.6666666667,[ 47.67980869  79.97493158],[ 1.  1.  0.  1.  0.],31.6666666667,6.97070456253,1475450766.73
77.0,[ 47.71074457  80.24193249],[ 1.  1.  0.  1.  0.],32.0,6.97331739058,1475450766.99
77.3333333333,[ 47.74126798  80.50537339],[ 1.  1.  0.  1.  0.],32.3333333333,6.97589538093,1475450766.99
77.6666666667,[ 46.7713844   81.09863508],[ 0.  1.  1.  1.  1.],32.6666666667,6.97843899808,1475450766.99
78.0,[ 47.81443261  79.68398661],[ 1.  1.  0.  0.  1.],0.0,6.89761536699,1475450767.24
78.3333333333,[ 47.84357351  78.95486679],[ 0.  1.  1.  0.  1.],0.333333333333,6.98453605099,1475450767.24
78.6666666667,[ 47.87232586  78.5688019 ],[ 0.  1.  1.  0.  0.],0.0,6.98696445919,1475450767.24
79.0,[ 47.90069485  78.18788454],[ 0.  1.  1.  0.  0.],0.0,6.98936048863,1475450767.67
79.3333333333,[ 47.92868559  77.81204608],[ 0.  1.  1.  0.  0.],0.0,6.991724571,1475450767.77
79.6666666667,[ 47.95630311  77.4412188 ],[ 0.  1.  1.  0.  0.],0.0,6.99405713228,1475450768.11
80.0,[ 47.9835524   77.07533588],[ 0.  1.  1.  0.  0.],0.0,6.99635859274,1475450768.66
80.3333333333,[ 48.01043837  76.7143314 ],[ 0.  1.  1.  0.  0.],0.0,6.99862936705,1475450768.78
80.6666666667,[ 48.03696586  76.35814032],[ 0.  1.  1.  0.  0.],0.0,7.00086986438,1475450769.11
81.0,[ 47.39647298  75.34003178],[ 0.  0.  0.  0.  0.],0.0,7.00308048841,1475450769.67
81.3333333333,[ 46.76452001  74.33549802],[ 0.  0.  0.  0.  0.],0.0,6.9497060819,1475450769.78
81.6666666667,[ 46.14099308  73.34435805],[ 0.  0.  0.  0.  0.],0.0,6.89704333414,1475450770.11
82.0,[ 46.52577984  72.69976661],[ 1.  0.  1.  0.  1.],0.0,6.84508275635,1475450770.66
82.3333333333,[ 46.9054361   72.39710305],[ 1.  0.  1.  0.  0.],0.333333333333,6.8771483196,1475450770.78
82.6666666667,[ 47.28003029  72.09847501],[ 1.  0.  1.  0.  0.],0.666666666667,6.90878634201,1475450771.11
83.0,[ 47.64962989  71.80382868],[ 1.  0.  1.  0.  0.],1.0,6.94000252411,1475450771.66
83.3333333333,[ 48.01430149  71.51311096],[ 1.  0.  1.  0.  0.],1.33333333333,6.97080249046,1475450771.77
83.6666666667,[ 48.3741108   71.22626948],[ 1.  0.  1.  0.  0.],1.66666666667,7.00119179059,1475450772.11
84.0,[ 48.72912266  70.94325256],[ 1.  0.  1.  0.  0.],2.0,7.03117590005,1475450772.66
84.3333333333,[ 49.07940102  70.66400919],[ 1.  0.  1.  0.  0.],2.33333333333,7.06076022138,1475450772.77
84.6666666667,[ 49.42500901  70.38848907],[ 1.  0.  1.  0.  0.],2.66666666667,7.08995008509,1475450773.11
85.0,[ 49.76600889  70.11664255],[ 1.  0.  1.  0.  0.],3.0,7.11875075063,1475450773.64
85.3333333333,[ 50.1024621   69.84842064],[ 1.  0.  1.  0.  0.],3.33333333333,7.14716740728,1475450773.77
85.6666666667,[ 50.43442927  69.58377504],[ 1.  0.  1.  0.  0.],3.66666666667,7.17520517519,1475450774.11
86.0,[ 51.42863688  68.65599137],[ 1.  1.  0.  0.  0.],4.0,7.20286910618,1475450774.65
86.3333333333,[ 52.40958839  67.74057815],[ 1.  1.  0.  0.  0.],4.33333333333,7.28571974032,1475450774.77
86.6666666667,[ 53.37746055  66.83737044],[ 1.  1.  0.  0.  0.],4.66666666667,7.36746569934,1475450775.11
87.0,[ 53.33242774  66.27953884],[ 0.  1.  1.  0.  1.],5.0,7.44812171224,1475450775.64
87.3333333333,[ 53.28799537  66.06247832],[ 0.  1.  1.  0.  0.],0.0,7.4443689783,1475450775.78
87.6666666667,[ 53.24415543  65.84831194],[ 0.  1.  1.  0.  0.],0.0,7.44066628081,1475450776.11
88.0,[ 52.53423336  64.97033445],[ 0.  0.  0.  0.  0.],0.0,7.43701295262,1475450776.65
88.3333333333,[ 51.83377691  64.10406332],[ 0.  0.  0.  0.  0.],0.0,7.37785277992,1475450776.78
88.6666666667,[ 51.14265989  63.24934248],[ 0.  0.  0.  0.  0.],0.0,7.31948140952,1475450777.11
89.0,[ 51.46075776  62.73935124],[ 1.  0.  1.  0.  1.],0.0,7.26188832406,1475450777.64
89.3333333333,[ 51.77461432  62.56949323],[ 1.  0.  1.  0.  0.],0.333333333333,7.28839647974,1475450777.77
89.6666666667,[ 52.08428613  62.40189999],[ 1.  0.  1.  0.  0.],0.666666666667,7.31455119334,1475450778.11
90.0,[ 52.38982898  62.23654132],[ 1.  0.  1.  0.  0.],1.0,7.34035717743,1475450778.64
90.3333333333,[ 52.69129793  62.07338743],[ 1.  0.  1.  0.  0.],1.33333333333,7.36581908173,1475450778.78
90.6666666667,[ 52.98874729  61.91240894],[ 1.  0.  1.  0.  0.],1.66666666667,7.39094149398,1475450779.11
91.0,[ 53.94889732  61.08691015],[ 1.  1.  0.  0.  0.],2.0,7.41572894072,1475450779.64
91.3333333333,[ 54.89624536  60.27241801],[ 1.  1.  0.  0.  0.],2.33333333333,7.49574144374,1475450779.78
91.6666666667,[ 55.83096209  59.46878577],[ 1.  1.  0.  0.  0.],2.66666666667,7.57468711338,1475450780.11
92.0,[ 55.75321593  59.00920196],[ 0.  1.  1.  0.  1.],3.0,7.65258017409,1475450780.66
92.3333333333,[ 55.67650638  58.88907927],[ 0.  1.  1.  0.  0.],0.0,7.64610132732,1475450780.77
92.6666666667,[ 55.60081963  58.77055821],[ 0.  1.  1.  0.  0.],0.0,7.63970886518,1475450781.11
93.0,[ 55.52614204  58.65361744],[ 0.  1.  1.  0.  0.],0.0,7.63340163586,1475450781.65
93.3333333333,[ 55.45246014  58.53823587],[ 0.  1.  1.  0.  0.],0.0,7.62717850294,1475450781.78
93.6666666667,[ 55.37976067  58.42439273],[ 0.  1.  1.  0.  0.],0.0,7.62103834512,1475450782.11
94.0,[ 55.30803053  58.31206749],[ 0.  1.  1.  0.  0.],0.0,7.61498005608,1475450782.65
94.3333333333,[ 55.23725679  58.20123992],[ 0.  1.  1.  0.  0.],0.0,7.60900254422,1475450782.78
94.6666666667,[ 55.1674267   58.09189006],[ 0.  1.  1.  0.  0.],0.0,7.60310473252,1475450783.11
95.0,[ 55.09852768  57.98399819],[ 0.  1.  1.  0.  0.],0.0,7.59728555831,1475450783.64
95.3333333333,[ 55.03054731  57.87754488],[ 0.  1.  1.  0.  0.],0.0,7.59154397309,1475450783.78
95.6666666667,[ 54.96347334  57.77251095],[ 0.  1.  1.  0.  0.],0.0,7.58587894233,1475450784.11
96.0,[ 54.23062703  57.0022108 ],[ 0.  0.  0.  0.  0.],0.0,7.58028944532,1475450784.64
96.3333333333,[ 53.50755201  56.24218133],[ 0.  0.  0.  0.  0.],0.0,7.51921891939,1475450784.78
96.6666666667,[ 52.79411798  55.49228558],[ 0.  0.  0.  0.  0.],0.0,7.45896266713,1475450785.11
97.0,[ 53.09019641  55.08572177],[ 1.  0.  1.  0.  1.],0.0,7.39950983157,1475450785.64
97.3333333333,[ 53.38232712  55.01791214],[ 1.  0.  1.  0.  0.],0.333333333333,7.42418303381,1475450785.78
97.6666666667,[ 53.67056276  54.95100665],[ 1.  0.  1.  0.  0.],0.666666666667,7.44852726003,1475450786.11
98.0,[ 53.95495526  54.88499323],[ 1.  0.  1.  0.  0.],1.0,7.47254689656,1475450786.65
98.3333333333,[ 54.23555585  54.81985998],[ 1.  0.  1.  0.  0.],1.33333333333,7.49624627127,1475450786.77
98.6666666667,[ 54.51241511  54.75559518],[ 1.  0.  1.  0.  0.],1.66666666667,7.51962965432,1475450787.11
99.0,[ 54.78558291  54.69218725],[ 1.  0.  1.  0.  0.],2.0,7.54270125893,1475450787.64
99.3333333333,[ 55.05510847  54.62962475],[ 1.  0.  1.  0.  0.],2.33333333333,7.56546524215,1475450787.78
99.6666666667,[ 55.32104035  54.56789642],[ 1.  0.  1.  0.  0.],2.66666666667,7.58792570559,1475450788.11
100.0,[ 55.58342648  54.50699114],[ 1.  0.  1.  0.  0.],3.0,7.61008669618,1475450788.65
100.333333333,[ 55.84231413  54.44689792],[ 1.  0.  1.  0.  0.],3.33333333333,7.63195220689,1475450788.77
100.666666667,[ 56.09774994  54.38760595],[ 1.  0.  1.  0.  0.],3.66666666667,7.65352617747,1475450809.11
101.0,[ 56.34977994  54.32910454],[ 1.  0.  1.  0.  0.],4.0,7.6748124951,1475450809.33
101.333333333,[ 56.59844954  54.27138314],[ 1.  0.  1.  0.  0.],4.33333333333,7.69581499517,1475450809.33
101.666666667,[ 56.84380355  54.21443137],[ 1.  0.  1.  0.  0.],4.66666666667,7.7165374619,1475450809.33
102.0,[ 57.08588617  54.15823895],[ 1.  0.  1.  0.  0.],5.0,7.73698362907,1475450809.55
102.333333333,[ 57.32474102  54.10279576],[ 1.  0.  1.  0.  0.],5.33333333333,7.75715718069,1475450809.55
102.666666667,[ 57.56041114  54.04809182],[ 1.  0.  1.  0.  0.],5.66666666667,7.77706175161,1475450809.55
103.0,[ 58.45960566  53.3274506 ],[ 1.  1.  0.  0.  0.],6.0,7.79670092826,1475450809.77
103.333333333,[ 59.34681092  52.61641792],[ 1.  1.  0.  0.  0.],6.33333333333,7.87163380477,1475450809.78
103.666666667,[ 60.22218677  51.91486568],[ 1.  1.  0.  0.  0.],6.66666666667,7.94556757626,1475450809.78
104.0,[ 60.08589095  51.55600081],[ 0.  1.  1.  0.  1.],7.0,8.01851556413,1475450810.0
104.333333333,[ 59.9514124   51.53525413],[ 0.  1.  1.  0.  0.],0.0,8.00715757883,1475450810.0
104.666666667,[ 59.8187269   51.51478407],[ 0.  1.  1.  0.  0.],0.0,7.99595103334,1475450810.0
105.0,[ 59.68781054  51.49458695],[ 0.  1.  1.  0.  0.],0.0,7.98489390845,1475450810.23
105.333333333,[ 59.55863974  51.47465913],[ 0.  1.  1.  0.  0.],0.0,7.97398421189,1475450810.23
105.666666667,[ 59.43119121  51.454997  ],[ 0.  1.  1.  0.  0.],0.0,7.96321997795,1475450810.23
106.0,[ 59.30544199  51.43559704],[ 0.  1.  1.  0.  0.],0.0,7.95259926714,1475450810.45
106.333333333,[ 59.18136943  51.41645575],[ 0.  1.  1.  0.  0.],0.0,7.9421201658,1475450810.45
106.666666667,[ 59.05895117  51.39756967],[ 0.  1.  1.  0.  0.],0.0,7.93178078581,1475450810.46
107.0,[ 58.93816516  51.37893541],[ 0.  1.  1.  0.  0.],0.0,7.92157926422,1475450810.68
107.333333333,[ 58.81898962  51.36054961],[ 0.  1.  1.  0.  0.],0.0,7.91151376292,1475450810.68
107.666666667,[ 58.70140309  51.34240894],[ 0.  1.  1.  0.  0.],0.0,7.9015824683,1475450810.68
108.0,[ 58.58538438  51.32451016],[ 0.  1.  1.  0.  0.],0.0,7.89178359095,1475450810.92
108.333333333,[ 58.47091259  51.30685002],[ 0.  1.  1.  0.  0.],0.0,7.88211536529,1475450810.92
108.666666667,[ 58.35796709  51.28942536],[ 0.  1.  1.  0.  0.],0.0,7.87257604931,1475450810.92
109.0,[ 58.24652753  51.27223302],[ 0.  1.  1.  0.  0.],0.0,7.86316392421,1475450811.14
109.333333333,[ 58.13657383  51.25526991],[ 0.  1.  1.  0.  0.],0.0,7.85387729411,1475450811.14
109.666666667,[ 58.02808618  51.23853298],[ 0.  1.  1.  0.  0.],0.0,7.84471448574,1475450811.14
110.0,[ 57.92104503  51.22201921],[ 0.  1.  1.  0.  0.],0.0,7.83567384815,1475450811.37
110.333333333,[ 57.8154311   51.20572562],[ 0.  1.  1.  0.  0.],0.0,7.8267537524,1475450811.37
110.666666667,[ 57.71122535  51.18964928],[ 0.  1.  1.  0.  0.],0.0,7.81795259126,1475450811.37
111.0,[ 57.60840901  51.17378728],[ 0.  1.  1.  0.  0.],0.0,7.80926877893,1475450811.59
111.333333333,[ 57.50696356  51.15813679],[ 0.  1.  1.  0.  0.],0.0,7.80070075077,1475450811.59
111.666666667,[ 57.40687071  51.14269496],[ 0.  1.  1.  0.  0.],0.0,7.79224696298,1475450811.59
112.0,[ 57.30811243  51.12745903],[ 0.  1.  1.  0.  0.],0.0,7.78390589236,1475450811.82
112.333333333,[ 57.21067093  51.11242624],[ 0.  1.  1.  0.  0.],0.0,7.77567603602,1475450811.82
112.666666667,[ 57.11452865  51.09759389],[ 0.  1.  1.  0.  0.],0.0,7.76755591109,1475450811.82
113.0,[ 57.01966827  51.08295931],[ 0.  1.  1.  0.  0.],0.0,7.7595440545,1475450812.05
113.333333333,[ 56.92607269  51.06851985],[ 0.  1.  1.  0.  0.],0.0,7.75163902266,1475450812.05
113.666666667,[ 56.83372506  51.05427292],[ 0.  1.  1.  0.  0.],0.0,7.74383939125,1475450812.05
114.0,[ 56.74260872  51.04021595],[ 0.  1.  1.  0.  0.],0.0,7.73614375492,1475450812.27
114.333333333,[ 56.65270728  51.0263464 ],[ 0.  1.  1.  0.  0.],0.0,7.72855072708,1475450812.27
114.666666667,[ 56.56400451  51.01266178],[ 0.  1.  1.  0.  0.],0.0,7.72105893961,1475450812.27
115.0,[ 56.47648445  50.99915963],[ 0.  1.  1.  0.  0.],0.0,7.71366704263,1475450812.5
115.333333333,[ 56.39013133  50.9858375 ],[ 0.  1.  1.  0.  0.],0.0,7.70637370429,1475450812.5
115.666666667,[ 56.30492957  50.972693  ],[ 0.  1.  1.  0.  0.],0.0,7.69917761045,1475450812.5
116.0,[ 56.22086385  50.95972376],[ 0.  1.  1.  0.  0.],0.0,7.69207746454,1475450812.73
116.333333333,[ 56.137919    50.94692744],[ 0.  1.  1.  0.  0.],0.0,7.68507198723,1475450812.73
116.666666667,[ 56.05608008  50.93430174],[ 0.  1.  1.  0.  0.],0.0,7.67815991629,1475450812.73
117.0,[ 55.97533234  50.92184439],[ 0.  1.  1.  0.  0.],0.0,7.67134000629,1475450812.96
117.333333333,[ 55.89566124  50.90955313],[ 0.  1.  1.  0.  0.],0.0,7.66461102843,1475450812.96
117.666666667,[ 55.81705243  50.89742575],[ 0.  1.  1.  0.  0.],0.0,7.65797177028,1475450812.96
118.0,[ 55.73949173  50.88546007],[ 0.  1.  1.  0.  0.],0.0,7.65142103556,1475450813.19
118.333333333,[ 55.66296517  50.87365394],[ 0.  1.  1.  0.  0.],0.0,7.64495764398,1475450813.19
118.666666667,[ 55.58745897  50.86200522],[ 0.  1.  1.  0.  0.],0.0,7.63858043095,1475450813.19
119.0,[ 55.51295952  50.85051182],[ 0.  1.  1.  0.  0.],0.0,7.63228824742,1475450813.41
119.333333333,[ 55.43945339  50.83917166],[ 0.  1.  1.  0.  0.],0.0,7.62607995968,1475450813.41
119.666666667,[ 55.36692734  50.82798271],[ 0.  1.  1.  0.  0.],0.0,7.6199544491,1475450813.41
120.0,[ 54.62870165  50.15027627],[ 0.  0.  0.  0.  0.],0.0,7.61391061201,1475450813.64
120.333333333,[ 53.90031896  49.48160592],[ 0.  0.  0.  0.  0.],0.0,7.55239180385,1475450813.64
120.666666667,[ 53.18164804  48.82185117],[ 0.  0.  0.  0.  0.],0.0,7.49169324646,1475450813.64
121.0,[ 53.4725594   48.50422649],[ 1.  0.  1.  0.  1.],0.0,7.43180400317,1475450813.86
121.333333333,[ 53.75959194  48.52417014],[ 1.  0.  1.  0.  0.],0.333333333333,7.45604661647,1475450813.86
121.666666667,[ 54.04279738  48.54384787],[ 1.  0.  1.  0.  0.],0.666666666667,7.47996599491,1475450813.86
122.0,[ 54.32222675  48.56326323],[ 1.  0.  1.  0.  0.],1.0,7.50356644831,1475450814.09
122.333333333,[ 54.59793039  48.58241972],[ 1.  0.  1.  0.  0.],1.33333333333,7.526852229,1475450814.09
122.666666667,[ 54.86995799  48.60132079],[ 1.  0.  1.  0.  0.],1.66666666667,7.54982753262,1475450814.09
123.0,[ 55.13835855  48.61996985],[ 1.  0.  1.  0.  0.],2.0,7.57249649885,1475450814.31
123.333333333,[ 55.40318043  48.63837025],[ 1.  0.  1.  0.  0.],2.33333333333,7.5948632122,1475450814.31
123.666666667,[ 55.66447136  48.65652531],[ 1.  0.  1.  0.  0.],2.66666666667,7.6169317027,1475450814.31
124.0,[ 55.92227841  48.67443831],[ 1.  0.  1.  0.  0.],3.0,7.63870594667,1475450814.54
124.333333333,[ 56.17664803  48.69211247],[ 1.  0.  1.  0.  0.],3.33333333333,7.66018986738,1475450814.54
124.666666667,[ 56.42762606  48.70955097],[ 1.  0.  1.  0.  0.],3.66666666667,7.68138733581,1475450814.54
125.0,[ 56.67525771  48.72675695],[ 1.  0.  1.  0.  0.],4.0,7.70230217133,1475450814.77
125.333333333,[ 56.91958761  48.74373353],[ 1.  0.  1.  0.  0.],4.33333333333,7.72293814238,1475450814.77
125.666666667,[ 57.16065977  48.76048375],[ 1.  0.  1.  0.  0.],4.66666666667,7.74329896715,1475450814.77
126.0,[ 57.39851764  48.77701063],[ 1.  0.  1.  0.  0.],5.0,7.76338831426,1475450815.0
126.333333333,[ 57.63320407  48.79331715],[ 1.  0.  1.  0.  0.],5.33333333333,7.7832098034,1475450815.0
126.666666667,[ 57.86476135  48.80940626],[ 1.  0.  1.  0.  0.],5.66666666667,7.80276700602,1475450815.11
127.0,[ 58.0932312   48.82528084],[ 1.  0.  1.  0.  0.],6.0,7.82206344594,1475450815.66
127.333333333,[ 58.31865478  48.84094376],[ 1.  0.  1.  0.  0.],6.33333333333,7.84110259999,1475450815.78
127.666666667,[ 58.54107272  48.85639785],[ 1.  0.  1.  0.  0.],6.66666666667,7.85988789866,1475450816.11
128.0,[ 58.76052508  48.87164588],[ 1.  0.  1.  0.  0.],7.0,7.87842272668,1475450816.67
128.333333333,[ 58.97705142  48.8866906 ],[ 1.  0.  1.  0.  0.],7.33333333333,7.89671042366,1475450816.78
128.666666667,[ 59.19069073  48.90153472],[ 1.  0.  1.  0.  0.],7.66666666667,7.91475428467,1475450817.11
129.0,[ 58.40148152  50.24951426],[ 1.  0.  1.  1.  0.],8.0,7.93255756088,1475450817.67
129.333333333,[ 57.6227951   51.57952074],[ 1.  0.  1.  1.  0.],8.33333333333,7.86679012673,1475450817.78
129.666666667,[ 56.85449117  52.89179379],[ 1.  0.  1.  1.  0.],8.66666666667,7.80189959171,1475450818.11
130.0,[ 56.76309795  53.51990321],[ 1.  1.  0.  1.  0.],9.0,7.73787426382,1475450818.66
130.333333333,[ 56.67292331  54.13963783],[ 1.  1.  0.  1.  0.],9.33333333333,7.73025816253,1475450818.77
130.666666667,[ 56.583951    54.75110933],[ 1.  1.  0.  1.  0.],9.66666666667,7.72274360925,1475450819.11
131.0,[ 56.49616499  55.35442787],[ 1.  1.  0.  1.  0.],10.0,7.71532925001,1475450819.68
131.333333333,[ 56.40954945  55.94970217],[ 1.  1.  0.  1.  0.],10.3333333333,7.7080137489,1475450819.78
131.666666667,[ 55.65742213  57.20370614],[ 1.  0.  1.  1.  0.],10.6666666667,7.70079578781,1475450820.11
132.0,[ 54.91532317  58.44099006],[ 1.  0.  1.  1.  0.],11.0,7.63811851063,1475450820.65
132.333333333,[ 54.18311886  59.66177686],[ 1.  0.  1.  1.  0.],11.3333333333,7.57627693049,1475450820.78
132.666666667,[ 53.46067727  60.8662865 ],[ 1.  0.  1.  1.  0.],11.6666666667,7.51525990475,1475450821.11
133.0,[ 52.74786824  62.05473601],[ 1.  0.  1.  1.  0.],12.0,7.45505643936,1475450821.66
133.333333333,[ 52.71123     62.56067286],[ 1.  1.  0.  1.  0.],12.3333333333,7.39565568683,1475450821.78
133.666666667,[ 52.67508027  63.05986389],[ 1.  1.  0.  1.  0.],12.6666666667,7.3926024999,1475450822.11
134.0,[ 52.63941253  63.55239904],[ 1.  1.  0.  1.  0.],13.0,7.38959002212,1475450822.65
134.333333333,[ 52.60422036  64.03836705],[ 1.  1.  0.  1.  0.],13.3333333333,7.38661771071,1475450822.78
134.666666667,[ 52.56949742  64.51785549],[ 1.  1.  0.  1.  0.],13.6666666667,7.38368503013,1475450823.11
135.0,[ 52.53523746  64.99095075],[ 1.  1.  0.  1.  0.],14.0,7.38079145195,1475450823.66
135.333333333,[ 52.50143429  65.45773808],[ 1.  1.  0.  1.  0.],14.3333333333,7.37793645481,1475450823.78
135.666666667,[ 52.46808183  65.91830157],[ 1.  1.  0.  1.  0.],14.6666666667,7.3751195243,1475450824.11
136.0,[ 52.43517408  66.37272421],[ 1.  1.  0.  1.  0.],15.0,7.37234015287,1475450824.65
136.333333333,[ 52.40270509  66.82108789],[ 1.  1.  0.  1.  0.],15.3333333333,7.36959783972,1475450824.78
136.666666667,[ 52.37066902  67.26347339],[ 1.  1.  0.  1.  0.],15.6666666667,7.36689209074,1475450825.11
137.0,[ 51.67239343  68.36662707],[ 1.  0.  1.  1.  0.],16.0,7.36422241842,1475450825.66
137.333333333,[ 50.98342819  69.45507205],[ 1.  0.  1.  1.  0.],16.3333333333,7.30603278618,1475450825.78
137.666666667,[ 50.30364915  70.52900442],[ 1.  0.  1.  1.  0.],16.6666666667,7.24861901569,1475450826.11
138.0,[ 49.63293382  71.58861769],[ 1.  0.  1.  1.  0.],17.0,7.19197076215,1475450826.65
138.333333333,[ 48.97116137  72.63410279],[ 1.  0.  1.  1.  0.],17.3333333333,7.13607781866,1475450826.78
138.666666667,[ 48.31821255  73.66564809],[ 1.  0.  1.  1.  0.],17.6666666667,7.08093011441,1475450827.11
139.0,[ 47.67396972  74.68343945],[ 1.  0.  1.  1.  0.],18.0,7.02651771288,1475450827.67
139.333333333,[ 47.03831679  75.68766025],[ 1.  0.  1.  1.  0.],18.3333333333,6.97283081004,1475450827.78
139.666666667,[ 46.41113923  76.67849145],[ 1.  0.  1.  1.  0.],18.6666666667,6.91985973258,1475450828.11
140.0,[ 45.79232404  77.65611156],[ 1.  0.  1.  1.  0.],19.0,6.86759493614,1475450828.66
140.333333333,[ 45.18175972  78.62069674],[ 1.  0.  1.  1.  0.],19.3333333333,6.81602700366,1475450828.78
140.666666667,[ 44.57933626  79.57242079],[ 1.  0.  1.  1.  0.],19.6666666667,6.76514664361,1475450829.11
141.0,[ 43.98494511  80.51145518],[ 1.  0.  1.  1.  0.],20.0,6.71494468836,1475450829.69
141.333333333,[ 43.39847918  81.43796911],[ 1.  0.  1.  1.  0.],20.3333333333,6.66541209252,1475450829.78
141.666666667,[ 41.81983279  81.35212952],[ 0.  0.  0.  1.  1.],20.6666666667,6.61653993128,1475450830.11
142.0,[ 41.26223502  80.26743446],[ 0.  0.  0.  0.  0.],0.0,6.48498606553,1475450830.67
142.333333333,[ 41.71207188  79.53053533],[ 1.  0.  1.  0.  1.],0.0,6.43851958466,1475450830.78
142.666666667,[ 42.15591092  79.13679486],[ 1.  0.  1.  0.  0.],0.333333333333,6.4760059902,1475450831.11
143.0,[ 43.26049878  78.0816376 ],[ 1.  1.  0.  0.  0.],0.666666666667,6.512992577,1475450831.65
143.333333333,[ 44.35035879  77.0405491 ],[ 1.  1.  0.  0.  0.],1.0,6.60504156486,1475450831.78
143.666666667,[ 45.42568734  76.01334177],[ 1.  1.  0.  0.  0.],1.33333333333,6.69586323288,1475450832.11
144.0,[ 45.48667818  75.33316388],[ 0.  1.  1.  0.  1.],1.66666666667,6.78547394533,1475450832.65
144.333333333,[ 45.5468558   74.99538837],[ 0.  1.  1.  0.  0.],0.0,6.79055651495,1475450832.78
144.666666667,[ 45.60623106  74.66211652],[ 0.  1.  1.  0.  0.],0.0,6.79557131697,1475450833.11
145.0,[ 45.66481465  74.3332883 ],[ 0.  1.  1.  0.  0.],0.0,6.80051925497,1475450833.65
145.333333333,[ 45.72261712  74.00884446],[ 0.  1.  1.  0.  0.],0.0,6.80540122046,1475450833.78
145.666666667,[ 45.77964889  73.68872653],[ 0.  1.  1.  0.  0.],0.0,6.81021809307,1475450834.11
146.0,[ 45.16925357  72.70621018],[ 0.  0.  0.  0.  0.],0.0,6.81497074072,1475450834.65
146.333333333,[ 44.56699686  71.73679404],[ 0.  0.  0.  0.  0.],0.0,6.76410446418,1475450834.78
146.666666667,[ 43.97277023  70.78030345],[ 0.  0.  0.  0.  0.],0.0,6.71391640466,1475450835.11
147.0,[ 44.38646663  70.16989941],[ 1.  0.  1.  0.  1.],0.0,6.66439751926,1475450835.64
147.333333333,[ 44.79464707  69.90096742],[ 1.  0.  1.  0.  0.],0.333333333333,6.698872219,1475450835.78
147.666666667,[ 45.19738511  69.63562118],[ 1.  0.  1.  0.  0.],0.666666666667,6.73288725608,1475450836.11
148.0,[ 46.26141998  68.70714623],[ 1.  1.  0.  0.  0.],1.0,6.76644875934,1475450836.65
148.333333333,[ 47.31126771  67.79105095],[ 1.  1.  0.  0.  0.],1.33333333333,6.85511833143,1475450836.78
148.666666667,[ 48.34711747  66.88717027],[ 1.  1.  0.  0.  0.],1.66666666667,6.94260564257,1475450837.11
149.0,[ 48.36915591  66.32867467],[ 0.  1.  1.  0.  1.],2.0,7.02892645623,1475450837.65
149.333333333,[ 48.3909005   66.11095901],[ 0.  1.  1.  0.  0.],0.0,7.03076299236,1475450837.78
149.666666667,[ 48.41235516  65.89614622],[ 0.  1.  1.  0.  0.],0.0,7.03257504136,1475450838.11
150.0,[ 48.43352375  65.6841976 ],[ 0.  1.  1.  0.  0.],0.0,7.03436292969,1475450838.66
150.333333333,[ 48.4544101   65.47507497],[ 0.  1.  1.  0.  0.],0.0,7.03612697952,1475450838.78
150.666666667,[ 48.47501797  65.26874063],[ 0.  1.  1.  0.  0.],0.0,7.03786750868,1475450839.11
151.0,[ 48.49535106  65.06515743],[ 0.  1.  1.  0.  0.],0.0,7.03958483079,1475450839.65
151.333333333,[ 47.84874638  64.19762199],[ 0.  0.  0.  0.  0.],0.0,7.04127925527,1475450839.78
151.666666667,[ 47.2107631  63.3416537],[ 0.  0.  0.  0.  0.],0.0,6.98739553186,1475450840.11
152.0,[ 47.58128626  62.83043165],[ 1.  0.  1.  0.  1.],0.0,6.9342302581,1475450840.65
152.333333333,[ 47.94686911  62.65935923],[ 1.  0.  1.  0.  0.],0.333333333333,6.965107188,1475450840.78
152.666666667,[ 48.30757752  62.49056777],[ 1.  0.  1.  0.  0.],0.666666666667,6.99557242549,1475450841.11
153.0,[ 49.33014315  61.6573602 ],[ 1.  1.  0.  0.  0.],1.0,7.02563145982,1475450841.64
153.333333333,[ 50.33907458  60.83526207],[ 1.  1.  0.  0.  0.],1.33333333333,7.11084526257,1475450841.78
153.666666667,[ 51.33455358  60.02412524],[ 1.  1.  0.  0.  0.],1.66666666667,7.1949228813,1475450842.11
154.0,[ 51.31675953  59.5571369 ],[ 0.  1.  1.  0.  1.],2.0,7.2778794651,1475450842.65
154.333333333,[ 51.29920274  59.42970841],[ 0.  1.  1.  0.  0.],0.0,7.27639662779,1475450842.78
154.666666667,[ 51.28188004  59.30397897],[ 0.  1.  1.  0.  0.],0.0,7.27493356164,1475450843.11
155.0,[ 51.2647883   59.17992591],[ 0.  1.  1.  0.  0.],0.0,7.27349000304,1475450843.65
155.333333333,[ 51.24792446  59.0575269 ],[ 0.  1.  1.  0.  0.],0.0,7.27206569189,1475450843.78
155.666666667,[ 51.23128547  58.93675987],[ 0.  1.  1.  0.  0.],0.0,7.27066037155,1475450844.11
156.0,[ 51.21486833  58.81760308],[ 0.  1.  1.  0.  0.],0.0,7.26927378882,1475450844.65
156.333333333,[ 51.19867008  58.70003504],[ 0.  1.  1.  0.  0.],0.0,7.26790569386,1475450844.78
156.666666667,[ 50.51602115  57.9173679 ],[ 0.  0.  0.  0.  0.],0.0,7.26655584016,1475450845.11
157.0,[ 51.50914087  56.811803  ],[ 1.  1.  0.  0.  1.],0.0,7.20966842896,1475450845.65
157.333333333,[ 52.48901899  56.05431229],[ 1.  1.  0.  0.  0.],0.333333333333,7.29242840546,1475450845.78
157.666666667,[ 53.45583207  55.30692146],[ 1.  1.  0.  0.  0.],0.666666666667,7.37408491561,1475450846.11
158.0,[ 53.40975431  54.90282917],[ 0.  1.  1.  0.  1.],1.0,7.45465267229,1475450846.66
158.333333333,[ 53.36429092  54.83745812],[ 0.  1.  1.  0.  0.],0.0,7.45081285888,1475450846.78
158.666666667,[ 53.3194337   54.77295868],[ 0.  1.  1.  0.  0.],0.0,7.44702424299,1475450847.11
159.0,[ 53.27517459  54.70931923],[ 0.  1.  1.  0.  0.],0.0,7.44328614197,1475450847.64
159.333333333,[ 53.23150559  54.6465283 ],[ 0.  1.  1.  0.  0.],0.0,7.4395978823,1475450847.78
159.666666667,[ 52.52175219  53.91790793],[ 0.  0.  0.  0.  0.],0.0,7.43595879943,1475450868.11
160.0,[ 52.82146216  53.53233582],[ 1.  0.  1.  0.  1.],0.0,7.3768126821,1475450868.33
160.333333333,[ 53.11717599  53.48523801],[ 1.  0.  1.  0.  0.],0.333333333333,7.401788513,1475450868.33
160.666666667,[ 53.40894698  53.43876817],[ 1.  0.  1.  0.  0.],0.666666666667,7.42643133283,1475450868.33
161.0,[ 53.69682769  53.39291793],[ 1.  0.  1.  0.  0.],1.0,7.45074558173,1475450868.55
161.333333333,[ 53.98086999  53.34767902],[ 1.  0.  1.  0.  0.],1.33333333333,7.47473564064,1475450868.55
161.666666667,[ 54.26112505  53.3030433 ],[ 1.  0.  1.  0.  0.],1.66666666667,7.4984058321,1475450868.56
162.0,[ 54.53764338  53.25900272],[ 1.  0.  1.  0.  0.],2.0,7.521760421,1475450868.78
162.333333333,[ 54.81047481  53.21554935],[ 1.  0.  1.  0.  0.],2.33333333333,7.54480361539,1475450868.78
162.666666667,[ 55.07966848  53.17267536],[ 1.  0.  1.  0.  0.],2.66666666667,7.56753956718,1475450868.78
163.0,[ 55.3452729   53.13037302],[ 1.  0.  1.  0.  0.],3.0,7.58997237295,1475450869.0
163.333333333,[ 55.60733592  53.08863472],[ 1.  0.  1.  0.  0.],3.33333333333,7.61210607465,1475450869.0
163.666666667,[ 55.86590478  53.04745292],[ 1.  0.  1.  0.  0.],3.66666666667,7.63394466032,1475450869.0
164.0,[ 56.12102605  53.00682022],[ 1.  0.  1.  0.  0.],4.0,7.65549206485,1475450869.22
164.333333333,[ 56.3727457   52.96672928],[ 1.  0.  1.  0.  0.],4.33333333333,7.67675217065,1475450869.22
164.666666667,[ 56.62110909  52.92717289],[ 1.  0.  1.  0.  0.],4.66666666667,7.69772880837,1475450869.22
165.0,[ 56.86616097  52.88814392],[ 1.  0.  1.  0.  0.],5.0,7.7184257576,1475450869.44
165.333333333,[ 57.10794549  52.84963533],[ 1.  0.  1.  0.  0.],5.33333333333,7.73884674749,1475450869.44
165.666666667,[ 57.34650622  52.81164019],[ 1.  0.  1.  0.  0.],5.66666666667,7.75899545753,1475450869.44
166.0,[ 57.58188613  52.77415166],[ 1.  0.  1.  0.  0.],6.0,7.77887551809,1475450869.67
166.333333333,[ 57.81412765  52.73716297],[ 1.  0.  1.  0.  0.],6.33333333333,7.79849051119,1475450869.67
166.666666667,[ 58.04327262  52.70066746],[ 1.  0.  1.  0.  0.],6.66666666667,7.81784397104,1475450869.68
167.0,[ 58.26936232  52.66465856],[ 1.  0.  1.  0.  0.],7.0,7.83693938476,1475450869.9
167.333333333,[ 58.49243748  52.62912978],[ 1.  0.  1.  0.  0.],7.33333333333,7.85578019296,1475450869.9
167.666666667,[ 58.71253832  52.59407472],[ 1.  0.  1.  0.  0.],7.66666666667,7.87436979039,1475450869.9
168.0,[ 57.92970447  53.89282039],[ 1.  0.  1.  1.  0.],8.0,7.89271152652,1475450870.12
168.333333333,[ 57.15730841  55.17424945],[ 1.  0.  1.  1.  0.],8.33333333333,7.82747537283,1475450870.12
168.666666667,[ 56.39521097  56.43859279],[ 1.  0.  1.  1.  0.],8.66666666667,7.76310903452,1475450870.12
169.0,[ 55.64327482  57.68607822],[ 1.  0.  1.  1.  0.],9.0,7.69960091406,1475450870.34
169.333333333,[ 54.90136449  58.91693051],[ 1.  0.  1.  1.  0.],9.33333333333,7.63693956854,1475450870.34
169.666666667,[ 54.1693463   60.13137144],[ 1.  0.  1.  1.  0.],9.66666666667,7.57511370763,1475450870.34
170.0,[ 53.44708835  61.32961982],[ 1.  0.  1.  1.  0.],10.0,7.51411219153,1475450870.57
170.333333333,[ 52.7344605   62.51189155],[ 1.  0.  1.  1.  0.],10.3333333333,7.45392402897,1475450870.57
170.666666667,[ 52.03133436  63.67839967],[ 1.  0.  1.  1.  0.],10.6666666667,7.39453837525,1475450870.57
171.0,[ 51.33758324  64.82935434],[ 1.  0.  1.  1.  0.],11.0,7.33594453025,1475450870.79
171.333333333,[ 50.65308213  65.96496295],[ 1.  0.  1.  1.  0.],11.3333333333,7.27813193651,1475450870.79
171.666666667,[ 49.9777077   67.08543011],[ 1.  0.  1.  1.  0.],11.6666666667,7.22109017736,1475450870.79
172.0,[ 49.31133826  68.19095771],[ 1.  0.  1.  1.  0.],12.0,7.164808975,1475450871.02
172.333333333,[ 48.65385375  69.28174494],[ 1.  0.  1.  1.  0.],12.3333333333,7.10927818866,1475450871.02
172.666666667,[ 48.0051357   70.35798834],[ 1.  0.  1.  1.  0.],12.6666666667,7.05448781281,1475450871.02
173.0,[ 48.03173389  70.75321516],[ 1.  1.  0.  1.  0.],13.0,7.00042797531,1475450871.24
173.333333333,[ 48.05797744  71.14317229],[ 1.  1.  0.  1.  0.],13.3333333333,7.00264449119,1475450871.24
173.666666667,[ 48.08387108  71.52792999],[ 1.  1.  0.  1.  0.],13.6666666667,7.00483145353,1475450871.24
174.0,[ 48.10941946  71.90755759],[ 1.  1.  0.  1.  0.],14.0,7.00698925638,1475450871.48
174.333333333,[ 48.1346272   72.28212349],[ 1.  1.  0.  1.  0.],14.3333333333,7.00911828851,1475450871.48
174.666666667,[ 48.15949884  72.65169518],[ 1.  1.  0.  1.  0.],14.6666666667,7.01121893355,1475450871.48
175.0,[ 48.18403886  73.01633924],[ 1.  1.  0.  1.  0.],15.0,7.01329157,1475450871.72
175.333333333,[ 48.20825167  73.37612139],[ 1.  1.  0.  1.  0.],15.3333333333,7.01533657129,1475450871.72
175.666666667,[ 48.23214165  73.73110644],[ 1.  1.  0.  1.  0.],15.6666666667,7.01735430589,1475450871.72
176.0,[ 48.25571309  74.08135835],[ 1.  1.  0.  1.  0.],16.0,7.01934513737,1475450871.95
176.333333333,[ 48.27897025  74.42694024],[ 1.  1.  0.  1.  0.],16.3333333333,7.02130942442,1475450871.95
176.666666667,[ 48.30191732  74.76791437],[ 1.  1.  0.  1.  0.],16.6666666667,7.02324752099,1475450871.95
177.0,[ 48.32455842  75.10434218],[ 1.  1.  0.  1.  0.],17.0,7.02515977626,1475450872.18
177.333333333,[ 48.34689764  75.43628428],[ 1.  1.  0.  1.  0.],17.3333333333,7.0270465348,1475450872.18
177.666666667,[ 48.368939    75.76380049],[ 1.  1.  0.  1.  0.],17.6666666667,7.02890813656,1475450872.18
178.0,[ 48.39068648  76.08694982],[ 1.  1.  0.  1.  0.],18.0,7.03074491696,1475450872.41
178.333333333,[ 48.412144    76.40579049],[ 1.  1.  0.  1.  0.],18.3333333333,7.03255720696,1475450872.41
178.666666667,[ 48.43331541  76.72037995],[ 1.  1.  0.  1.  0.],18.6666666667,7.03434533309,1475450872.41
179.0,[ 48.45420454  77.03077488],[ 1.  1.  0.  1.  0.],19.0,7.03610961754,1475450872.64
179.333333333,[ 48.47481514  77.33703122],[ 1.  1.  0.  1.  0.],19.3333333333,7.03785037819,1475450872.64
179.666666667,[ 48.49515094  77.63920413],[ 1.  1.  0.  1.  0.],19.6666666667,7.0395679287,1475450872.64
