./simulation results/2016-10-2_18-13-31.txt

Comfortable Program

simTime, model.x, model.u, model.d, model.z, systemTime

0.0,[ 1.          0.33333333],[ 1.  0.  1.  0.  1.],0.0,3.0,1475450011.84
0.333333333333,[ 1.98666667  0.99555556],[ 1.  0.  1.  0.  0.],0.333333333333,3.08333333333,1475450011.89
0.666666666667,[ 2.96017778  1.64894815],[ 1.  0.  1.  0.  0.],0.666666666667,3.16555555556,1475450012.22
1.0,[ 3.92070874  2.29362884],[ 1.  0.  1.  0.  0.],1.0,3.24668148148,1475450012.8
1.33333333333,[ 4.86843262  2.92971379],[ 1.  0.  1.  0.  0.],1.33333333333,3.3267257284,1475450012.89
1.66666666667,[ 5.80352019  3.5573176 ],[ 1.  0.  1.  0.  0.],1.66666666667,3.40570271868,1475450013.22
2.0,[ 6.72613992  4.17655337],[ 1.  0.  1.  0.  0.],2.0,3.48362668243,1475450013.76
2.33333333333,[ 8.30312472  4.12086599],[ 1.  1.  0.  0.  0.],2.33333333333,3.56051166,1475450013.89
2.66666666667,[ 9.19241639  4.73258778],[ 1.  0.  1.  0.  0.],2.66666666667,3.69192706009,1475450014.22
3.0,[ 10.73651751   4.66948661],[ 1.  1.  0.  0.  0.],3.0,3.76603469929,1475450014.76
3.33333333333,[ 11.59336394   5.27389345],[ 1.  0.  1.  0.  0.],3.33333333333,3.89470979219,1475450014.89
3.66666666667,[ 12.43878575   5.87024154],[ 1.  0.  1.  0.  0.],3.66666666667,3.96611366163,1475450015.22
4.0,[ 13.27293528   6.45863832],[ 1.  0.  1.  0.  0.],4.0,4.03656547947,1475450015.76
4.33333333333,[ 13.09596281   8.37252314],[ 1.  0.  1.  1.  0.],4.33333333333,4.10607793974,1475450015.88
4.66666666667,[ 12.92134997  10.2608895 ],[ 1.  0.  1.  1.  0.],4.66666666667,4.09133023388,1475450016.22
5.0,[ 12.7490653   12.12407764],[ 1.  0.  1.  1.  0.],5.0,4.0767791641,1475450016.77
5.33333333333,[ 12.57907777  13.96242327],[ 1.  0.  1.  1.  0.],5.33333333333,4.06242210857,1475450016.89
5.66666666667,[ 12.41135673  15.77625763],[ 1.  0.  1.  1.  0.],5.66666666667,4.04825648046,1475450017.22
6.0,[ 12.24587197  17.56590753],[ 1.  0.  1.  1.  0.],6.0,4.03427972739,1475450017.76
6.33333333333,[ 12.08259368  19.33169543],[ 1.  0.  1.  1.  0.],6.33333333333,4.02048933102,1475450017.88
6.66666666667,[ 11.92149243  21.07393949],[ 1.  0.  1.  1.  0.],6.66666666667,4.00688280661,1475450018.22
7.0,[ 11.7625392   22.79295363],[ 1.  0.  1.  1.  0.],7.0,3.99345770252,1475450018.75
7.33333333333,[ 11.60570534  24.48904758],[ 1.  0.  1.  1.  0.],7.33333333333,3.98021159982,1475450018.88
7.66666666667,[ 11.4509626   26.16252694],[ 1.  0.  1.  1.  0.],7.66666666667,3.96714211182,1475450019.22
8.0,[ 11.2982831   27.81369325],[ 1.  0.  1.  1.  0.],8.0,3.95424688366,1475450019.76
8.33333333333,[ 11.14763933  29.44284401],[ 1.  0.  1.  1.  0.],8.33333333333,3.94152359188,1475450019.89
8.66666666667,[ 10.99900414  31.05027276],[ 1.  0.  1.  1.  0.],8.66666666667,3.92896994399,1475450020.22
9.0,[ 10.85235075  32.63626912],[ 1.  0.  1.  1.  0.],9.0,3.91658367807,1475450020.76
9.33333333333,[ 10.70765274  34.20111886],[ 1.  0.  1.  1.  0.],9.33333333333,3.90436256236,1475450020.89
9.66666666667,[ 10.56488404  35.74510395],[ 1.  0.  1.  1.  0.],9.66666666667,3.89230439487,1475450021.22
10.0,[ 10.42401891  37.26850256],[ 1.  0.  1.  1.  0.],10.0,3.88040700293,1475450021.76
10.3333333333,[ 10.285032    38.77158919],[ 1.  0.  1.  1.  0.],10.3333333333,3.86866824289,1475450021.89
10.6666666667,[ 10.14789824  40.25463467],[ 1.  0.  1.  1.  0.],10.6666666667,3.85708599966,1475450022.22
11.0,[ 10.01259293  41.71790621],[ 1.  0.  1.  1.  0.],11.0,3.84565818633,1475450022.76
11.3333333333,[  9.87909169  43.16166746],[ 1.  0.  1.  1.  0.],11.3333333333,3.83438274384,1475450022.88
11.6666666667,[  9.74737046  44.58617856],[ 1.  0.  1.  1.  0.],11.6666666667,3.82325764059,1475450023.22
12.0,[  9.61740553  45.99169618],[ 1.  0.  1.  1.  0.],12.0,3.81228087205,1475450023.75
12.3333333333,[ 10.15584012  46.7118069 ],[ 1.  1.  0.  1.  0.],12.3333333333,3.80145046042,1475450023.89
12.6666666667,[ 10.68709558  47.42231614],[ 1.  1.  0.  1.  0.],12.6666666667,3.84632000984,1475450024.22
13.0,[ 11.21126764  48.12335192],[ 1.  1.  0.  1.  0.],13.0,3.8905912986,1475450024.76
13.3333333333,[ 11.72845074  48.81504056],[ 1.  1.  0.  1.  0.],13.3333333333,3.9342723035,1475450024.88
13.6666666667,[ 12.23873806  49.49750669],[ 1.  1.  0.  1.  0.],13.6666666667,3.97737089501,1475450025.22
14.0,[ 12.74222156  50.17087327],[ 1.  1.  0.  1.  0.],14.0,4.01989483864,1475450025.77
14.3333333333,[ 13.23899194  50.83526162],[ 1.  1.  0.  1.  0.],14.3333333333,4.06185179634,1475450025.88
14.6666666667,[ 13.72913871  51.49079147],[ 1.  1.  0.  1.  0.],14.6666666667,4.10324932795,1475450026.22
15.0,[ 14.21275019  52.13758091],[ 1.  1.  0.  1.  0.],15.0,4.14409489246,1475450026.76
15.3333333333,[ 14.68991352  52.7757465 ],[ 1.  1.  0.  1.  0.],15.3333333333,4.18439584945,1475450026.89
15.6666666667,[ 14.49404801  54.07206988],[ 1.  0.  1.  1.  0.],15.6666666667,4.22415946035,1475450027.22
16.0,[ 14.30079404  55.35110895],[ 1.  0.  1.  1.  0.],16.0,4.20783733421,1475450027.77
16.3333333333,[ 14.11011678  56.61309416],[ 1.  0.  1.  1.  0.],16.3333333333,4.19173283642,1475450027.89
16.6666666667,[ 13.92198189  57.85825291],[ 1.  0.  1.  1.  0.],16.6666666667,4.17584306527,1475450028.22
17.0,[ 13.73635547  59.08680954],[ 1.  0.  1.  1.  0.],17.0,4.16016515773,1475450028.75
17.3333333333,[ 13.55320406  60.29898541],[ 1.  0.  1.  1.  0.],17.3333333333,4.14469628896,1475450028.88
17.6666666667,[ 13.37249467  61.49499894],[ 1.  0.  1.  1.  0.],17.6666666667,4.12943367178,1475450029.22
18.0,[ 13.19419474  62.67506562],[ 1.  0.  1.  1.  0.],18.0,4.11437455615,1475450029.77
18.3333333333,[ 13.68493881  63.17273141],[ 1.  1.  0.  1.  0.],18.3333333333,4.09951622874,1475450029.88
18.6666666667,[ 13.50247296  64.33042832],[ 1.  0.  1.  1.  0.],18.6666666667,4.14041156791,1475450030.22
19.0,[ 13.32243999  65.47268928],[ 1.  0.  1.  1.  0.],19.0,4.12520608034,1475450030.75
19.3333333333,[ 13.81147412  65.93305342],[ 1.  1.  0.  1.  0.],19.3333333333,4.1102033326,1475450030.88
19.6666666667,[ 13.62732114  67.05394604],[ 1.  0.  1.  1.  0.],19.6666666667,4.15095617705,1475450031.22
20.0,[ 13.44562352  68.15989343],[ 1.  0.  1.  1.  0.],20.0,4.13561009469,1475450031.75
20.3333333333,[ 13.93301521  68.58442818],[ 1.  1.  0.  1.  0.],20.3333333333,4.12046862676,1475450031.89
20.6666666667,[ 13.74724167  69.66996914],[ 1.  0.  1.  1.  0.],20.6666666667,4.16108460063,1475450032.22
21.0,[ 13.56394512  70.74103622],[ 1.  0.  1.  1.  0.],21.0,4.14560347262,1475450032.76
21.3333333333,[ 13.38309251  71.7978224 ],[ 1.  0.  1.  1.  0.],21.3333333333,4.13032875965,1475450032.89
21.6666666667,[ 13.87131795  72.17385144],[ 1.  1.  0.  1.  0.],21.6666666667,4.11525770952,1475450033.22
22.0,[ 14.35303371  72.54486675],[ 1.  1.  0.  1.  0.],22.0,4.15594316229,1475450033.76
22.3333333333,[ 14.82832659  72.9109352 ],[ 1.  1.  0.  1.  0.],22.3333333333,4.19608614234,1475450033.89
22.6666666667,[ 15.29728224  73.27212273],[ 1.  1.  0.  1.  0.],22.6666666667,4.23569388267,1475450034.22
23.0,[ 15.75998514  73.62849442],[ 1.  1.  0.  1.  0.],23.0,4.27477351979,1475450034.76
23.3333333333,[ 16.21651867  73.9801145 ],[ 1.  1.  0.  1.  0.],23.3333333333,4.31333209508,1475450034.89
23.6666666667,[ 16.66696509  74.3270463 ],[ 1.  1.  0.  1.  0.],23.6666666667,4.35137655603,1475450035.22
24.0,[ 17.11140556  74.66935235],[ 1.  1.  0.  1.  0.],24.0,4.38891375751,1475450035.76
24.3333333333,[ 17.54992015  75.00709432],[ 1.  1.  0.  1.  0.],24.3333333333,4.42595046297,1475450035.89
24.6666666667,[ 17.98258788  75.34033306],[ 1.  1.  0.  1.  0.],24.6666666667,4.46249334568,1475450036.22
25.0,[ 17.74282004  76.33579529],[ 1.  0.  1.  1.  0.],25.0,4.49854898996,1475450036.76
25.3333333333,[ 18.17291577  76.65131802],[ 1.  1.  0.  1.  0.],25.3333333333,4.47856833676,1475450036.88
25.6666666667,[ 18.5972769   76.96263378],[ 1.  1.  0.  1.  0.],25.6666666667,4.51440964783,1475450037.22
26.0,[ 19.01597987  77.26979866],[ 1.  1.  0.  1.  0.],26.0,4.54977307474,1475450037.77
26.3333333333,[ 19.42910014  77.57286801],[ 1.  1.  0.  1.  0.],26.3333333333,4.5846649893,1475450037.88
26.6666666667,[ 19.83671214  77.87189644],[ 1.  1.  0.  1.  0.],26.6666666667,4.61909167834,1475450038.22
27.0,[ 20.23888931  78.16693782],[ 1.  1.  0.  1.  0.],27.0,4.65305934485,1475450038.78
27.3333333333,[ 20.63570412  78.45804532],[ 1.  1.  0.  1.  0.],27.3333333333,4.68657410914,1475450038.88
27.6666666667,[ 21.02722806  78.74527138],[ 1.  1.  0.  1.  0.],27.6666666667,4.7196420099,1475450039.22
28.0,[ 21.41353169  79.02866776],[ 1.  1.  0.  1.  0.],28.0,4.75226900533,1475450039.77
28.3333333333,[ 21.7946846   79.30828552],[ 1.  1.  0.  1.  0.],28.3333333333,4.78446097415,1475450039.88
28.6666666667,[ 22.17075547  79.58417505],[ 1.  1.  0.  1.  0.],28.6666666667,4.81622371671,1475450040.22
29.0,[ 22.54181207  79.85638605],[ 1.  1.  0.  1.  0.],29.0,4.84756295605,1475450040.79
29.3333333333,[ 22.90792124  80.12496757],[ 1.  1.  0.  1.  0.],29.3333333333,4.87848433885,1475450040.88
29.6666666667,[ 23.26914896  80.389968  ],[ 1.  1.  0.  1.  0.],29.6666666667,4.90899343656,1475450041.22
30.0,[ 23.6255603   80.65143509],[ 1.  1.  0.  1.  0.],30.0,4.93909574629,1475450041.78
30.3333333333,[ 22.9772195   81.24274929],[ 0.  1.  1.  1.  1.],30.3333333333,4.9687966919,1475450041.89
30.6666666667,[ 23.33752324  80.8261793 ],[ 0.  1.  1.  0.  0.],0.0,4.91476829156,1475450042.22
31.0,[ 23.69302293  80.41516358],[ 0.  1.  1.  0.  0.],0.0,4.94479360323,1475450042.76
31.3333333333,[ 24.04378262  80.00962806],[ 0.  1.  1.  0.  0.],0.0,4.97441857741,1475450042.89
31.6666666667,[ 24.38986552  79.60949969],[ 0.  1.  1.  0.  0.],0.0,5.00364855193,1475450043.22
32.0,[ 24.73133398  79.21470636],[ 0.  1.  1.  0.  0.],0.0,5.03248879346,1475450043.75
32.3333333333,[ 25.06824953  78.82517694],[ 0.  1.  1.  0.  0.],0.0,5.06094449844,1475450043.88
32.6666666667,[ 25.40067287  78.44084125],[ 0.  1.  1.  0.  0.],0.0,5.08902079401,1475450044.22
33.0,[ 25.7286639   78.06163003],[ 0.  1.  1.  0.  0.],0.0,5.11672273898,1475450044.75
33.3333333333,[ 26.05228171  77.68747497],[ 0.  1.  1.  0.  0.],0.0,5.14405532469,1475450044.88
33.6666666667,[ 26.37158462  77.31830863],[ 0.  1.  1.  0.  0.],0.0,5.17102347591,1475450045.22
34.0,[ 26.68663016  76.95406452],[ 0.  1.  1.  0.  0.],0.0,5.19763205179,1475450045.76
34.3333333333,[ 26.33080842  75.92801033],[ 0.  0.  0.  0.  0.],0.0,5.22388584665,1475450045.88
34.6666666667,[ 26.64639765  75.58230352],[ 0.  1.  1.  0.  0.],0.0,5.19423403536,1475450046.22
35.0,[ 26.95777901  75.24120614],[ 0.  1.  1.  0.  0.],0.0,5.22053313712,1475450046.76
35.3333333333,[ 27.26500862  74.90465673],[ 0.  1.  1.  0.  0.],0.0,5.24648158418,1475450046.88
35.6666666667,[ 27.56814184  74.57259464],[ 0.  1.  1.  0.  0.],0.0,5.27208405194,1475450047.22
36.0,[ 27.86723328  74.24496004],[ 0.  1.  1.  0.  0.],0.0,5.29734515347,1475450047.75
36.3333333333,[ 28.16233684  73.92169391],[ 0.  1.  1.  0.  0.],0.0,5.32226944031,1475450047.88
36.6666666667,[ 28.45350568  73.60273799],[ 0.  1.  1.  0.  0.],0.0,5.34686140333,1475450048.22
37.0,[ 28.74079227  73.28803481],[ 0.  1.  1.  0.  0.],0.0,5.37112547351,1475450048.76
37.3333333333,[ 29.02424838  72.97752768],[ 0.  1.  1.  0.  0.],0.0,5.39506602275,1475450048.89
37.6666666667,[ 29.30392506  72.67116065],[ 0.  1.  1.  0.  0.],0.0,5.41868736467,1475450049.22
38.0,[ 29.57987273  72.36887851],[ 0.  1.  1.  0.  0.],0.0,5.44199375536,1475450049.76
38.3333333333,[ 29.85214109  72.07062679],[ 0.  1.  1.  0.  0.],0.0,5.46498939418,1475450049.89
38.6666666667,[ 29.45411255  71.1096851 ],[ 0.  0.  0.  0.  0.],0.0,5.48767842448,1475450050.22
39.0,[ 30.06139105  70.4948893 ],[ 1.  0.  1.  0.  1.],0.0,5.45450937882,1475450050.76
39.3333333333,[ 30.6605725   70.22162411],[ 1.  0.  1.  0.  0.],0.333333333333,5.50511592044,1475450050.88
39.6666666667,[ 31.25176486  69.95200246],[ 1.  0.  1.  0.  0.],0.666666666667,5.55504770817,1475450051.22
40.0,[ 31.83507467  69.68597576],[ 1.  0.  1.  0.  0.],1.0,5.60431373872,1475450051.75
40.3333333333,[ 32.410607    69.42349608],[ 1.  0.  1.  0.  0.],1.33333333333,5.65292288887,1475450051.88
40.6666666667,[ 32.97846558  69.16451613],[ 1.  0.  1.  0.  0.],1.66666666667,5.70088391702,1475450052.22
41.0,[ 33.5387527   68.90898925],[ 1.  0.  1.  0.  0.],2.0,5.7482054648,1475450052.76
41.3333333333,[ 34.09156933  68.65686939],[ 1.  0.  1.  0.  0.],2.33333333333,5.7948960586,1475450052.88
41.6666666667,[ 34.63701508  68.40811113],[ 1.  0.  1.  0.  0.],2.66666666667,5.84096411115,1475450053.22
42.0,[ 35.17518821  68.16266965],[ 1.  0.  1.  0.  0.],3.0,5.886417923,1475450053.75
42.3333333333,[ 35.7061857   67.92050072],[ 1.  0.  1.  0.  0.],3.33333333333,5.93126568403,1475450053.88
42.6666666667,[ 36.23010322  67.68156071],[ 1.  0.  1.  0.  0.],3.66666666667,5.97551547491,1475450054.22
43.0,[ 36.74703518  67.44580657],[ 1.  0.  1.  0.  0.],4.0,6.01917526858,1475450054.77
43.3333333333,[ 37.25707471  67.21319582],[ 1.  0.  1.  0.  0.],4.33333333333,6.06225293166,1475450054.88
43.6666666667,[ 37.76031371  66.98368654],[ 1.  0.  1.  0.  0.],4.66666666667,6.10475622591,1475450055.22
44.0,[ 38.25684287  66.75723739],[ 1.  0.  1.  0.  0.],5.0,6.14669280956,1475450055.75
44.3333333333,[ 38.74675163  66.53380755],[ 1.  0.  1.  0.  0.],5.33333333333,6.18807023877,1475450055.88
44.6666666667,[ 39.23012827  66.31335679],[ 1.  0.  1.  0.  0.],5.66666666667,6.22889596892,1475450056.22
45.0,[ 39.7070599   66.09584536],[ 1.  0.  1.  0.  0.],6.0,6.269177356,1475450056.75
45.3333333333,[ 39.17763243  67.21456742],[ 1.  0.  1.  1.  0.],6.33333333333,6.30892165792,1475450056.89
45.6666666667,[ 38.655264    68.31837319],[ 1.  0.  1.  1.  0.],6.66666666667,6.26480270248,1475450057.22
46.0,[ 38.13986048  69.40746155],[ 1.  0.  1.  1.  0.],7.0,6.22127199978,1475450057.76
46.3333333333,[ 37.631329    70.48202873],[ 1.  0.  1.  1.  0.],7.33333333333,6.17832170645,1475450057.89
46.6666666667,[ 37.12957795  71.54226835],[ 1.  0.  1.  1.  0.],7.66666666667,6.1359440837,1475450058.22
47.0,[ 36.63451691  72.58837143],[ 1.  0.  1.  1.  0.],8.0,6.09413149591,1475450058.75
47.3333333333,[ 36.14605669  73.62052648],[ 1.  0.  1.  1.  0.],8.33333333333,6.0528764093,1475450058.89
47.6666666667,[ 35.66410926  74.63891946],[ 1.  0.  1.  1.  0.],8.66666666667,6.01217139051,1475450059.22
48.0,[ 35.18858781  75.64373387],[ 1.  0.  1.  1.  0.],9.0,5.9720091053,1475450059.78
48.3333333333,[ 34.71940664  76.63515075],[ 1.  0.  1.  1.  0.],9.33333333333,5.93238231723,1475450059.88
48.6666666667,[ 34.25648121  77.61334874],[ 1.  0.  1.  1.  0.],9.66666666667,5.89328388634,1475450060.22
49.0,[ 33.79972813  78.57850409],[ 1.  0.  1.  1.  0.],10.0,5.85470676785,1475450060.79
49.3333333333,[ 33.34906509  79.5307907 ],[ 1.  0.  1.  1.  0.],10.3333333333,5.81664401095,1475450060.89
49.6666666667,[ 32.90441089  80.47038016],[ 1.  0.  1.  1.  0.],10.6666666667,5.77908875747,1475450061.22
50.0,[ 32.46568541  81.39744176],[ 1.  0.  1.  1.  0.],11.0,5.7420342407,1475450061.78
50.3333333333,[ 31.69947627  81.9788092 ],[ 0.  1.  1.  1.  1.],11.3333333333,5.70547378416,1475450061.88
50.6666666667,[ 32.27681659  81.21909175],[ 1.  0.  1.  0.  1.],0.0,5.64162302259,1475450062.22
51.0,[ 32.84645903  80.80283719],[ 1.  0.  1.  0.  0.],0.333333333333,5.68973471562,1475450062.77
51.3333333333,[ 33.40850625  80.39213269],[ 1.  0.  1.  0.  0.],0.666666666667,5.73720491942,1475450062.89
51.6666666667,[ 33.9630595   79.98690426],[ 1.  0.  1.  0.  0.],1.0,5.78404218716,1475450063.22
52.0,[ 34.5102187   79.58707887],[ 1.  0.  1.  0.  0.],1.33333333333,5.83025495799,1475450063.75
52.3333333333,[ 35.05008245  79.19258448],[ 1.  0.  1.  0.  0.],1.66666666667,5.87585155855,1475450084.96
52.6666666667,[ 35.58274802  78.80335002],[ 1.  0.  1.  0.  0.],2.0,5.92084020444,1475450084.97
53.0,[ 36.10831138  78.41930536],[ 1.  0.  1.  0.  0.],2.33333333333,5.96522900171,1475450085.19
53.3333333333,[ 36.62686723  78.04038128],[ 1.  0.  1.  0.  0.],2.66666666667,6.00902594836,1475450085.19
53.6666666667,[ 37.138509    77.66650953],[ 1.  0.  1.  0.  0.],3.0,6.05223893571,1475450085.19
54.0,[ 37.64332888  77.29762274],[ 1.  0.  1.  0.  0.],3.33333333333,6.0948757499,1475450085.41
54.3333333333,[ 38.14141783  76.93365444],[ 1.  0.  1.  0.  0.],3.66666666667,6.13694407324,1475450085.41
54.6666666667,[ 38.63286559  76.57453904],[ 1.  0.  1.  0.  0.],4.0,6.1784514856,1475450085.41
55.0,[ 39.11776071  76.22021186],[ 1.  0.  1.  0.  0.],4.33333333333,6.21940546579,1475450085.64
55.3333333333,[ 39.59619057  75.87060903],[ 1.  0.  1.  0.  0.],4.66666666667,6.25981339291,1475450085.64
55.6666666667,[ 40.06824136  75.52566758],[ 1.  0.  1.  0.  0.],5.0,6.29968254767,1475450085.64
56.0,[ 40.53399815  75.18532534],[ 1.  0.  1.  0.  0.],5.33333333333,6.3390201137,1475450085.86
56.3333333333,[ 40.99354484  74.84952101],[ 1.  0.  1.  0.  0.],5.66666666667,6.37783317885,1475450085.86
56.6666666667,[ 41.44696424  74.51819406],[ 1.  0.  1.  0.  0.],6.0,6.41612873647,1475450085.86
57.0,[ 41.89433805  74.19128481],[ 1.  0.  1.  0.  0.],6.33333333333,6.45391368665,1475450086.09
57.3333333333,[ 41.33574688  75.20206767],[ 1.  0.  1.  1.  0.],6.66666666667,6.49119483749,1475450086.09
57.6666666667,[ 40.78460358  76.19937344],[ 1.  0.  1.  1.  0.],7.0,6.44464557299,1475450086.09
58.0,[ 40.24080887  77.18338179],[ 1.  0.  1.  1.  0.],7.33333333333,6.39871696535,1475450086.36
58.3333333333,[ 40.37093142  77.48760337],[ 1.  1.  0.  1.  0.],7.66666666667,6.35340073915,1475450086.36
58.6666666667,[ 40.499319    77.78776866],[ 1.  1.  0.  1.  0.],8.0,6.36424428485,1475450086.36
59.0,[ 40.62599475  78.08393174],[ 1.  1.  0.  1.  0.],8.33333333333,6.37494324994,1475450086.62
59.3333333333,[ 40.75098148  78.37614599],[ 1.  1.  0.  1.  0.],8.66666666667,6.38549956216,1475450086.62
59.6666666667,[ 40.87430173  78.66446404],[ 1.  1.  0.  1.  0.],9.0,6.39591512356,1475450086.62
60.0,[ 40.99597771  78.94893785],[ 1.  1.  0.  1.  0.],9.33333333333,6.4061918108,1475450086.87
60.3333333333,[ 41.11603134  79.22961868],[ 1.  1.  0.  1.  0.],9.66666666667,6.41633147554,1475450086.87
60.6666666667,[ 41.23448425  79.5065571 ],[ 1.  1.  0.  1.  0.],10.0,6.42633594476,1475450086.87
61.0,[ 41.3513578  79.779803 ],[ 1.  1.  0.  1.  0.],10.3333333333,6.43620702105,1475450087.12
61.3333333333,[ 41.46667303  80.04940563],[ 1.  1.  0.  1.  0.],10.6666666667,6.44594648299,1475450087.12
61.6666666667,[ 41.58045072  80.31541356],[ 1.  1.  0.  1.  0.],11.0,6.45555608544,1475450087.12
62.0,[ 41.02604471  81.24454137],[ 1.  0.  1.  1.  0.],11.3333333333,6.46503755986,1475450087.38
62.3333333333,[ 40.14569745  81.82794749],[ 0.  1.  1.  1.  1.],11.6666666667,6.41883705906,1475450087.38
62.6666666667,[ 40.27708815  81.40357486],[ 0.  1.  1.  0.  0.],0.0,6.34547478716,1475450087.38
63.0,[ 40.40672697  80.98486052],[ 0.  1.  1.  0.  0.],0.0,6.35642401222,1475450107.62
63.3333333333,[ 40.53463728  80.57172905],[ 0.  1.  1.  0.  0.],0.0,6.36722724761,1475450107.62
63.6666666667,[ 40.66084211  80.164106  ],[ 0.  1.  1.  0.  0.],0.0,6.37788643987,1475450107.62
64.0,[ 40.78536422  79.76191792],[ 0.  1.  1.  0.  0.],0.0,6.38840350956,1475450107.84
64.3333333333,[ 40.90822603  79.36509234],[ 0.  1.  1.  0.  0.],0.0,6.39878035165,1475450107.85
64.6666666667,[ 41.02944968  78.97355778],[ 0.  1.  1.  0.  0.],0.0,6.40901883585,1475450107.85
65.0,[ 41.14905702  78.58724368],[ 0.  1.  1.  0.  0.],0.0,6.41912080693,1475450108.07
65.3333333333,[ 40.60040293  77.53941376],[ 0.  0.  0.  0.  0.],0.0,6.42908808506,1475450108.07
65.6666666667,[ 40.72573089  77.17222158],[ 0.  1.  1.  0.  0.],0.0,6.38336691059,1475450108.08
66.0,[ 40.18272114  76.14325862],[ 0.  0.  0.  0.  0.],0.0,6.39381090734,1475450108.3
66.3333333333,[ 40.31361819  75.79468184],[ 0.  1.  1.  0.  0.],0.0,6.34856009524,1475450108.3
66.6666666667,[ 40.44276995  75.45075275],[ 0.  1.  1.  0.  0.],0.0,6.35946818286,1475450108.3
67.0,[ 40.57019969  75.11140938],[ 0.  1.  1.  0.  0.],0.0,6.37023082931,1475450108.54
67.3333333333,[ 40.69593036  74.77659059],[ 0.  1.  1.  0.  0.],0.0,6.38084997381,1475450108.54
67.6666666667,[ 40.81998462  74.44623605],[ 0.  1.  1.  0.  0.],0.0,6.39132752972,1475450108.54
68.0,[ 40.94238482  74.12028623],[ 0.  1.  1.  0.  0.],0.0,6.40166538487,1475450108.77
68.3333333333,[ 41.06315303  73.79868242],[ 0.  1.  1.  0.  0.],0.0,6.41186540197,1475450108.77
68.6666666667,[ 40.51564432  72.81469998],[ 0.  0.  0.  0.  0.],0.0,6.42192941883,1475450108.77
69.0,[ 40.97543573  72.17717065],[ 1.  0.  1.  0.  1.],0.0,6.37630369324,1475450108.99
69.3333333333,[ 41.42909658  71.88147504],[ 1.  0.  1.  0.  0.],0.333333333333,6.414619644,1475450109.0
69.6666666667,[ 41.87670863  71.58972204],[ 1.  0.  1.  0.  0.],0.666666666667,6.45242471541,1475450109.0
70.0,[ 42.31835252  71.30185908],[ 1.  0.  1.  0.  0.],1.0,6.48972571921,1475450109.22
70.3333333333,[ 42.75410782  71.01783429],[ 1.  0.  1.  0.  0.],1.33333333333,6.52652937629,1475450109.22
70.6666666667,[ 43.18405304  70.7375965 ],[ 1.  0.  1.  0.  0.],1.66666666667,6.56284231793,1475450109.22
71.0,[ 43.60826567  70.46109522],[ 1.  0.  1.  0.  0.],2.0,6.59867108703,1475450109.45
71.3333333333,[ 44.02682213  70.18828061],[ 1.  0.  1.  0.  0.],2.33333333333,6.6340221392,1475450109.45
71.6666666667,[ 44.43979783  69.91910354],[ 1.  0.  1.  0.  0.],2.66666666667,6.66890184401,1475450109.45
72.0,[ 44.8472672   69.65351549],[ 1.  0.  1.  0.  0.],3.0,6.70331648609,1475450109.68
72.3333333333,[ 45.24930363  69.39146862],[ 1.  0.  1.  0.  0.],3.33333333333,6.73727226628,1475450109.68
72.6666666667,[ 45.64597958  69.1329157 ],[ 1.  0.  1.  0.  0.],3.66666666667,6.77077530273,1475450109.68
73.0,[ 46.03736652  68.87781016],[ 1.  0.  1.  0.  0.],4.0,6.80383163202,1475450109.9
73.3333333333,[ 46.42353497  68.62610603],[ 1.  0.  1.  0.  0.],4.33333333333,6.83644721026,1475450109.9
73.6666666667,[ 46.8045545   68.37775795],[ 1.  0.  1.  0.  0.],4.66666666667,6.86862791413,1475450109.9
74.0,[ 47.18049378  68.13272117],[ 1.  0.  1.  0.  0.],5.0,6.90037954194,1475450110.13
74.3333333333,[ 48.21808719  67.22428489],[ 1.  1.  0.  0.  0.],5.33333333333,6.93170781471,1475450110.13
74.6666666667,[ 48.57517936  66.99462776],[ 1.  0.  1.  0.  0.],5.66666666667,7.01817393274,1475450110.13
75.0,[ 48.92751031  66.76803272],[ 1.  0.  1.  0.  0.],6.0,7.04793161364,1475450110.35
75.3333333333,[ 49.2751435   66.54445895],[ 1.  0.  1.  0.  0.],6.33333333333,7.07729252545,1475450110.35
75.6666666667,[ 49.61814159  66.32386617],[ 1.  0.  1.  0.  0.],6.66666666667,7.10626195845,1475450110.35
76.0,[ 49.95656637  66.10621462],[ 1.  0.  1.  0.  0.],7.0,7.13484513234,1475450110.59
76.3333333333,[ 49.29047882  67.22479842],[ 1.  0.  1.  1.  0.],7.33333333333,7.16304719724,1475450110.59
76.6666666667,[ 48.63327243  68.32846778],[ 1.  0.  1.  1.  0.],7.66666666667,7.10753990127,1475450110.59
77.0,[ 47.9848288   69.41742154],[ 1.  0.  1.  1.  0.],8.0,7.05277270259,1475450110.81
77.3333333333,[ 47.34503108  70.49185592],[ 1.  0.  1.  1.  0.],8.33333333333,6.99873573322,1475450110.82
77.6666666667,[ 46.713764    71.55196451],[ 1.  0.  1.  1.  0.],8.66666666667,6.94541925678,1475450110.82
78.0,[ 46.09091381  72.59793831],[ 1.  0.  1.  1.  0.],9.0,6.89281366669,1475450111.04
78.3333333333,[ 45.4763683  73.6299658],[ 1.  0.  1.  1.  0.],9.33333333333,6.84090948447,1475450111.04
78.6666666667,[ 44.87001672  74.64823293],[ 1.  0.  1.  1.  0.],9.66666666667,6.78969735801,1475450111.04
79.0,[ 44.9384165   74.98625649],[ 1.  1.  0.  1.  0.],10.0,6.7391680599,1475450111.29
79.3333333333,[ 44.33923761  75.98643973],[ 1.  0.  1.  1.  0.],10.3333333333,6.74486804132,1475450111.29
79.6666666667,[ 43.74804777  76.9732872 ],[ 1.  0.  1.  1.  0.],10.6666666667,6.69493646744,1475450111.29
80.0,[ 43.16474047  77.94697671],[ 1.  0.  1.  1.  0.],11.0,6.64567064787,1475450111.54
80.3333333333,[ 43.25587726  78.24101702],[ 1.  1.  0.  1.  0.],11.3333333333,6.5970617059,1475450111.54
80.6666666667,[ 42.67913223  79.19780346],[ 1.  0.  1.  1.  0.],11.6666666667,6.60465643871,1475450111.54
81.0,[ 42.11007714  80.14183274],[ 1.  0.  1.  1.  0.],12.0,6.55659435286,1475450111.78
81.3333333333,[ 41.54860944  81.07327497],[ 1.  0.  1.  1.  0.],12.3333333333,6.50917309482,1475450111.78
81.6666666667,[ 39.99462798  80.99229798],[ 0.  0.  0.  1.  1.],12.6666666667,6.46238412023,1475450111.78
82.0,[ 40.46136628  80.245734  ],[ 1.  0.  1.  0.  1.],0.0,6.33288566529,1475450112.03
82.3333333333,[ 39.92188139  78.84245755],[ 0.  0.  0.  0.  1.],0.333333333333,6.37178052309,1475450112.04
82.6666666667,[ 40.38958964  78.12455811],[ 1.  0.  1.  0.  1.],0.0,6.32682344945,1475450112.04
83.0,[ 40.85106178  77.74956401],[ 1.  0.  1.  0.  0.],0.333333333333,6.36579913679,1475450132.26
83.3333333333,[ 41.30638096  77.37956982],[ 1.  0.  1.  0.  0.],0.666666666667,6.4042551483,1475450132.27
83.6666666667,[ 41.75562921  77.01450889],[ 1.  0.  1.  0.  0.],1.0,6.44219841299,1475450132.27
84.0,[ 42.19888749  76.65431544],[ 1.  0.  1.  0.  0.],1.33333333333,6.47963576748,1475450132.5
84.3333333333,[ 42.63623565  76.29892456],[ 1.  0.  1.  0.  0.],1.66666666667,6.51657395725,1475450132.5
84.6666666667,[ 43.06775251  75.94827224],[ 1.  0.  1.  0.  0.],2.0,6.55301963782,1475450132.5
85.0,[ 43.49351581  75.60229527],[ 1.  0.  1.  0.  0.],2.33333333333,6.58897937598,1475450132.73
85.3333333333,[ 43.91360227  75.26093134],[ 1.  0.  1.  0.  0.],2.66666666667,6.62445965097,1475450132.73
85.6666666667,[ 44.32808757  74.92411892],[ 1.  0.  1.  0.  0.],3.0,6.65946685562,1475450132.73
86.0,[ 44.7370464   74.59179733],[ 1.  0.  1.  0.  0.],3.33333333333,6.69400729754,1475450132.95
86.3333333333,[ 45.14055245  74.2639067 ],[ 1.  0.  1.  0.  0.],3.66666666667,6.72808720024,1475450132.95
86.6666666667,[ 45.53867842  73.94038795],[ 1.  0.  1.  0.  0.],4.0,6.76171270424,1475450132.95
87.0,[ 45.93149604  73.62118277],[ 1.  0.  1.  0.  0.],4.33333333333,6.79488986818,1475450133.17
87.3333333333,[ 46.31907609  73.30623367],[ 1.  0.  1.  0.  0.],4.66666666667,6.82762466994,1475450133.17
87.6666666667,[ 46.70148841  72.99548389],[ 1.  0.  1.  0.  0.],5.0,6.85992300768,1475450133.17
88.0,[ 47.0788019   72.68887744],[ 1.  0.  1.  0.  0.],5.33333333333,6.89179070091,1475450133.39
88.3333333333,[ 47.45108454  72.38635907],[ 1.  0.  1.  0.  0.],5.66666666667,6.92323349156,1475450133.4
88.6666666667,[ 47.81840341  72.08787428],[ 1.  0.  1.  0.  0.],6.0,6.95425704501,1475450133.4
89.0,[ 48.1808247   71.79336929],[ 1.  0.  1.  0.  0.],6.33333333333,6.98486695107,1475450133.62
89.3333333333,[ 48.5384137   71.50279103],[ 1.  0.  1.  0.  0.],6.66666666667,7.01506872506,1475450133.62
89.6666666667,[ 49.55790152  70.54942049],[ 1.  1.  0.  0.  0.],7.0,7.04486780873,1475450133.62
90.0,[ 49.56379617  70.94209488],[ 1.  1.  0.  1.  0.],7.33333333333,7.12982512683,1475450133.85
90.3333333333,[ 49.56961222  71.32953362],[ 1.  1.  0.  1.  0.],7.66666666667,7.13031634736,1475450133.85
90.6666666667,[ 48.90868406  72.37847317],[ 1.  0.  1.  1.  0.],8.0,7.13080101829,1475450133.85
91.0,[ 48.25656827  73.41342686],[ 1.  0.  1.  1.  0.],8.33333333333,7.07572367138,1475450134.08
91.3333333333,[ 47.61314736  74.43458117],[ 1.  0.  1.  1.  0.],8.66666666667,7.02138068909,1475450134.08
91.6666666667,[ 46.97830539  75.44212009],[ 1.  0.  1.  1.  0.],9.0,6.9677622799,1475450134.08
92.0,[ 46.35192799  76.43622515],[ 1.  0.  1.  1.  0.],9.33333333333,6.91485878284,1475450134.33
92.3333333333,[ 45.73390228  77.41707548],[ 1.  0.  1.  1.  0.],9.66666666667,6.86266066573,1475450134.33
92.6666666667,[ 45.12411692  78.38484781],[ 1.  0.  1.  1.  0.],10.0,6.81115852352,1475450134.34
93.0,[ 44.52246203  79.3397165 ],[ 1.  0.  1.  1.  0.],10.3333333333,6.76034307654,1475450134.6
93.3333333333,[ 43.9288292   80.28185362],[ 1.  0.  1.  1.  0.],10.6666666667,6.71020516886,1475450134.6
93.6666666667,[ 43.34311148  81.2114289 ],[ 1.  0.  1.  1.  0.],11.0,6.6607357666,1475450134.6
94.0,[ 41.76520332  81.12860985],[ 0.  0.  0.  1.  1.],11.3333333333,6.61192595638,1475450134.84
94.3333333333,[ 42.20833395  80.38022839],[ 1.  0.  1.  0.  1.],0.0,6.4804336103,1475450134.84
94.6666666667,[ 42.64555616  79.97515867],[ 1.  0.  1.  0.  0.],0.333333333333,6.51736116216,1475450134.84
95.0,[ 43.07694874  79.57548989],[ 1.  0.  1.  0.  0.],0.666666666667,6.55379634666,1475450135.06
95.3333333333,[ 43.50258943  79.18115003],[ 1.  0.  1.  0.  0.],1.0,6.58974572871,1475450135.06
95.6666666667,[ 43.9225549   78.79206803],[ 1.  0.  1.  0.  0.],1.33333333333,6.62521578566,1475450135.06
96.0,[ 44.33692084  78.40817379],[ 1.  0.  1.  0.  0.],1.66666666667,6.66021290852,1475450135.29
96.3333333333,[ 44.74576189  78.02939814],[ 1.  0.  1.  0.  0.],2.0,6.69474340307,1475450135.29
96.6666666667,[ 45.14915173  77.65567283],[ 1.  0.  1.  0.  0.],2.33333333333,6.72881349103,1475450135.29
97.0,[ 45.54716304  77.28693052],[ 1.  0.  1.  0.  0.],2.66666666667,6.76242931115,1475450135.51
97.3333333333,[ 45.93986754  76.92310478],[ 1.  0.  1.  0.  0.],3.0,6.79559692033,1475450135.51
97.6666666667,[ 46.32733597  76.56413005],[ 1.  0.  1.  0.  0.],3.33333333333,6.82832229473,1475450135.51
98.0,[ 46.70963816  76.20994165],[ 1.  0.  1.  0.  0.],3.66666666667,6.8606113308,1475450135.74
98.3333333333,[ 47.08684298  75.86047576],[ 1.  0.  1.  0.  0.],4.0,6.89246984639,1475450135.74
98.6666666667,[ 47.45901841  75.51566942],[ 1.  0.  1.  0.  0.],4.33333333333,6.92390358177,1475450135.74
99.0,[ 47.8262315   75.17546049],[ 1.  0.  1.  0.  0.],4.66666666667,6.95491820068,1475450135.96
99.3333333333,[ 48.18854841  74.83978769],[ 1.  0.  1.  0.  0.],5.0,6.98551929134,1475450135.96
99.6666666667,[ 48.54603443  74.50859052],[ 1.  0.  1.  0.  0.],5.33333333333,7.01571236745,1475450135.96
100.0,[ 48.89875397  74.18180931],[ 1.  0.  1.  0.  0.],5.66666666667,7.04550286922,1475450136.19
100.333333333,[ 49.24677059  73.85938519],[ 1.  0.  1.  0.  0.],6.0,7.0748961643,1475450136.19
100.666666667,[ 49.59014698  73.54126005],[ 1.  0.  1.  0.  0.],6.33333333333,7.10389754877,1475450136.19
101.0,[ 49.92894502  73.22737658],[ 1.  0.  1.  0.  0.],6.66666666667,7.13251224812,1475450136.42
101.333333333,[ 50.26322575  72.91767823],[ 1.  0.  1.  0.  0.],7.0,7.16074541815,1475450136.42
101.666666667,[ 49.59304941  73.94544252],[ 1.  0.  1.  1.  0.],7.33333333333,7.18860214591,1475450136.42
102.0,[ 48.93180875  74.95950329],[ 1.  0.  1.  1.  0.],7.66666666667,7.13275411729,1475450136.65
102.333333333,[ 48.27938463  75.96004324],[ 1.  0.  1.  1.  0.],8.0,7.07765072906,1475450136.65
102.666666667,[ 47.6356595   76.94724267],[ 1.  0.  1.  1.  0.],8.33333333333,7.02328205268,1475450136.65
103.0,[ 47.00051738  77.92127943],[ 1.  0.  1.  1.  0.],8.66666666667,6.96963829197,1475450136.89
103.333333333,[ 46.37384381  78.88232904],[ 1.  0.  1.  1.  0.],9.0,6.91670978141,1475450136.89
103.666666667,[ 45.75552589  79.83056465],[ 1.  0.  1.  1.  0.],9.33333333333,6.86448698433,1475450136.89
104.0,[ 45.14545222  80.76615712],[ 1.  0.  1.  1.  0.],9.66666666667,6.8129604912,1475450137.14
104.333333333,[ 43.54351285  80.68927503],[ 0.  0.  0.  1.  1.],10.0,6.76212101799,1475450137.14
104.666666667,[ 43.96293268  79.94675136],[ 1.  0.  1.  0.  1.],0.0,6.62862607108,1475450137.14
105.0,[ 44.37676025  79.54746134],[ 1.  0.  1.  0.  0.],0.333333333333,6.66357772347,1475450137.36
105.333333333,[ 45.45173678  78.48682852],[ 1.  1.  0.  0.  0.],0.666666666667,6.69806335382,1475450137.36
105.666666667,[ 45.84571362  78.10700414],[ 1.  0.  1.  0.  0.],1.0,6.78764473133,1475450137.36
106.0,[ 46.23443744  77.73224409],[ 1.  0.  1.  0.  0.],1.33333333333,6.82047613491,1475450137.58
106.333333333,[ 46.61797827  77.36248083],[ 1.  0.  1.  0.  0.],1.66666666667,6.85286978644,1475450137.58
106.666666667,[ 46.99640523  76.99764776],[ 1.  0.  1.  0.  0.],2.0,6.88483152262,1475450137.58
107.0,[ 47.36978649  76.63767912],[ 1.  0.  1.  0.  0.],2.33333333333,6.91636710232,1475450137.81
107.333333333,[ 48.404856   75.6158434],[ 1.  1.  0.  0.  0.],2.66666666667,6.94748220762,1475450137.81
107.666666667,[ 48.75945792  75.27429882],[ 1.  0.  1.  0.  0.],3.0,7.03373800041,1475450137.81
108.0,[ 49.10933182  74.93730817],[ 1.  0.  1.  0.  0.],3.33333333333,7.06328816041,1475450138.04
108.333333333,[ 49.45454073  74.60481073],[ 1.  0.  1.  0.  0.],3.66666666667,7.09244431827,1475450138.04
108.666666667,[ 49.79514685  74.27674658],[ 1.  0.  1.  0.  0.],4.0,7.12121172736,1475450138.04
109.0,[ 50.13121156  73.95305663],[ 1.  0.  1.  0.  0.],4.33333333333,7.14959557099,1475450138.26
109.333333333,[ 50.46279541  73.63368254],[ 1.  0.  1.  0.  0.],4.66666666667,7.17760096338,1475450138.26
109.666666667,[ 50.78995813  73.31856677],[ 1.  0.  1.  0.  0.],5.0,7.20523295053,1475450138.26
110.0,[ 51.11275869  73.00765255],[ 1.  0.  1.  0.  0.],5.33333333333,7.23249651119,1475450138.48
110.333333333,[ 51.43125524  72.70088385],[ 1.  0.  1.  0.  0.],5.66666666667,7.25939655771,1475450138.48
110.666666667,[ 51.74550517  72.3982054 ],[ 1.  0.  1.  0.  0.],6.0,7.28593793694,1475450138.49
111.0,[ 52.0555651   72.09956266],[ 1.  0.  1.  0.  0.],6.33333333333,7.31212543112,1475450138.71
111.333333333,[ 52.3614909   71.80490182],[ 1.  0.  1.  0.  0.],6.66666666667,7.3379637587,1475450138.71
111.666666667,[ 52.66333769  71.5141698 ],[ 1.  0.  1.  0.  0.],7.0,7.36345757525,1475450138.71
112.0,[ 52.96115986  71.2273142 ],[ 1.  0.  1.  0.  0.],7.33333333333,7.38861147425,1475450138.93
112.333333333,[ 52.25501106  72.27761668],[ 1.  0.  1.  1.  0.],7.66666666667,7.41342998792,1475450138.93
112.666666667,[ 51.55827758  73.31391512],[ 1.  0.  1.  1.  0.],8.0,7.35458425475,1475450138.93
113.0,[ 50.87083388  74.33639625],[ 1.  0.  1.  1.  0.],8.33333333333,7.29652313136,1475450139.17
113.333333333,[ 50.19255609  75.3452443 ],[ 1.  0.  1.  1.  0.],8.66666666667,7.23923615627,1475450139.17
113.666666667,[ 49.52332201  76.34064105],[ 1.  0.  1.  1.  0.],9.0,7.18271300752,1475450139.17
114.0,[ 48.86301105  77.32276583],[ 1.  0.  1.  1.  0.],9.33333333333,7.12694350075,1475450139.41
114.333333333,[ 48.21150423  78.29179562],[ 1.  0.  1.  1.  0.],9.66666666667,7.07191758741,1475450139.42
114.666666667,[ 47.56868418  79.24790501],[ 1.  0.  1.  1.  0.],10.0,7.01762535291,1475450139.42
115.0,[ 46.93443506  80.19126628],[ 1.  0.  1.  1.  0.],10.3333333333,6.96405701487,1475450139.67
115.333333333,[ 46.30864259  81.1220494 ],[ 1.  0.  1.  1.  0.],10.6666666667,6.91120292134,1475450139.67
115.666666667,[ 44.69119402  81.04042207],[ 0.  0.  0.  1.  1.],11.0,6.85905354906,1475450139.67
116.0,[ 45.09531143  80.29321644],[ 1.  0.  1.  0.  1.],0.0,6.7242661684,1475450139.94
116.333333333,[ 44.49404061  78.88930689],[ 0.  0.  0.  0.  1.],0.333333333333,6.75794261949,1475450139.94
116.666666667,[ 44.90078674  78.1707828 ],[ 1.  0.  1.  0.  1.],0.0,6.7078367179,1475450139.94
117.0,[ 45.30210958  77.79517236],[ 1.  0.  1.  0.  0.],0.333333333333,6.74173222833,1475450140.16
117.333333333,[ 45.69808146  77.42457006],[ 1.  0.  1.  0.  0.],0.666666666667,6.77517579861,1475450140.16
117.666666667,[ 46.0887737   77.05890913],[ 1.  0.  1.  0.  0.],1.0,6.80817345463,1475450140.16
118.0,[ 46.47425672  76.69812367],[ 1.  0.  1.  0.  0.],1.33333333333,6.8407311419,1475450140.38
118.333333333,[ 46.85459996  76.34214869],[ 1.  0.  1.  0.  0.],1.66666666667,6.87285472668,1475450140.38
118.666666667,[ 47.22987196  75.99092004],[ 1.  0.  1.  0.  0.],2.0,6.90454999699,1475450140.38
119.0,[ 47.60014034  75.64437444],[ 1.  0.  1.  0.  0.],2.33333333333,6.9358226637,1475450140.61
119.333333333,[ 47.9654718   75.30244945],[ 1.  0.  1.  0.  0.],2.66666666667,6.96667836151,1475450140.61
119.666666667,[ 48.99259884  74.29841679],[ 1.  1.  0.  0.  0.],3.0,6.99712265003,1475450140.61
120.0,[ 49.00603086  73.64110457],[ 0.  1.  1.  0.  1.],3.33333333333,7.08271657025,1475450140.84
120.333333333,[ 49.01928378  73.32588984],[ 0.  1.  1.  0.  0.],0.0,7.08383590487,1475450140.84
120.666666667,[ 48.36569333  72.34821131],[ 0.  0.  0.  0.  0.],0.0,7.08494031503,1475450140.84
121.0,[ 48.72081742  71.71690182],[ 1.  0.  1.  0.  1.],0.0,7.03047444416,1475450141.06
121.333333333,[ 49.07120652  71.42734313],[ 1.  0.  1.  0.  0.],0.333333333333,7.06006811824,1475450141.06
121.666666667,[ 49.41692377  71.14164522],[ 1.  0.  1.  0.  0.],0.666666666667,7.08926720999,1475450141.06
122.0,[ 49.75803145  70.85975662],[ 1.  0.  1.  0.  0.],1.0,7.11807698053,1475450141.28
122.333333333,[ 50.09459103  70.58162653],[ 1.  0.  1.  0.  0.],1.33333333333,7.14650262079,1475450141.28
122.666666667,[ 50.42666315  70.30720485],[ 1.  0.  1.  0.  0.],1.66666666667,7.17454925251,1475450141.28
123.0,[ 51.42097431  69.36977545],[ 1.  1.  0.  0.  0.],2.0,7.20222192914,1475450141.51
123.333333333,[ 51.73536132  69.11151178],[ 1.  0.  1.  0.  0.],2.33333333333,7.28508119231,1475450141.51
123.666666667,[ 52.0455565   68.85669162],[ 1.  0.  1.  0.  0.],2.66666666667,7.31128010975,1475450141.51
124.0,[ 52.35161575  68.60526906],[ 1.  0.  1.  0.  0.],3.0,7.33712970828,1475450141.73
124.333333333,[ 52.6535942   68.35719881],[ 1.  0.  1.  0.  0.],3.33333333333,7.3626346455,1475450141.73
124.666666667,[ 52.95154628  68.11243616],[ 1.  0.  1.  0.  0.],3.66666666667,7.3877995169,1475450141.73
125.0,[ 53.24552566  67.87093701],[ 1.  0.  1.  0.  0.],4.0,7.41262885667,1475450141.96
125.333333333,[ 53.53558532  67.63265785],[ 1.  0.  1.  0.  0.],4.33333333333,7.43712713858,1475450141.96
125.666666667,[ 54.48844418  66.73088908],[ 1.  1.  0.  0.  0.],4.66666666667,7.46129877674,1475450141.96
126.0,[ 54.42859826  66.17447722],[ 0.  1.  1.  0.  1.],5.0,7.54070368193,1475450142.18
126.333333333,[ 54.36955028  65.95881753],[ 0.  1.  1.  0.  0.],0.0,7.53571652173,1475450142.18
126.666666667,[ 54.31128961  65.74603329],[ 0.  1.  1.  0.  0.],0.0,7.530795857,1475450142.18
127.0,[ 54.25380575  65.53608618],[ 0.  1.  1.  0.  0.],0.0,7.52594080113,1475450142.4
127.333333333,[ 54.19708834  65.32893837],[ 0.  1.  1.  0.  0.],0.0,7.52115047933,1475450142.41
127.666666667,[ 54.14112716  65.12455252],[ 0.  1.  1.  0.  0.],0.0,7.5164240285,1475450142.41
128.0,[ 54.08591214  64.92289182],[ 0.  1.  1.  0.  0.],0.0,7.51176059701,1475450142.63
128.333333333,[ 54.03143331  64.72391993],[ 0.  1.  1.  0.  0.],0.0,7.5071593446,1475450142.63
128.666666667,[ 53.97768086  64.527601  ],[ 0.  1.  1.  0.  0.],0.0,7.50261944223,1475450142.63
129.0,[ 53.92464512  64.33389965],[ 0.  1.  1.  0.  0.],0.0,7.49814007189,1475450142.86
129.333333333,[ 53.87231652  64.14278099],[ 0.  1.  1.  0.  0.],0.0,7.49372042649,1475450142.86
129.666666667,[ 53.82068563  63.95421058],[ 0.  1.  1.  0.  0.],0.0,7.48935970969,1475450142.86
130.0,[ 53.76974315  63.76815444],[ 0.  1.  1.  0.  0.],0.0,7.48505713578,1475450143.08
130.333333333,[ 53.71947991  63.58457904],[ 0.  1.  1.  0.  0.],0.0,7.48081192953,1475450143.08
130.666666667,[ 53.66988685  63.40345132],[ 0.  1.  1.  0.  0.],0.0,7.47662332602,1475450143.08
131.0,[ 53.62095502  63.22473864],[ 0.  1.  1.  0.  0.],0.0,7.47249057056,1475450143.31
131.333333333,[ 53.57267562  63.04840879],[ 0.  1.  1.  0.  0.],0.0,7.46841291851,1475450143.31
131.666666667,[ 53.52503995  62.87443001],[ 0.  1.  1.  0.  0.],0.0,7.46438963515,1475450143.31
132.0,[ 53.47803941  62.70277094],[ 0.  1.  1.  0.  0.],0.0,7.46041999557,1475450143.78
132.333333333,[ 53.43166556  62.53340066],[ 0.  1.  1.  0.  0.],0.0,7.45650328452,1475450143.88
132.666666667,[ 53.38591001  62.36628865],[ 0.  1.  1.  0.  0.],0.0,7.45263879628,1475450144.22
133.0,[ 52.67409788  61.53473814],[ 0.  0.  0.  0.  0.],0.0,7.44882583456,1475450144.79
133.333333333,[ 52.63844324  61.38094163],[ 0.  1.  1.  0.  0.],0.0,7.38950815676,1475450144.88
133.666666667,[ 52.603264    61.22919574],[ 0.  1.  1.  0.  0.],0.0,7.38653693689,1475450145.22
134.0,[ 51.90188715  60.41280646],[ 0.  0.  0.  0.  0.],0.0,7.38360533329,1475450145.78
134.333333333,[ 51.87652865  60.27396904],[ 0.  1.  1.  0.  0.],0.0,7.32515726218,1475450145.89
134.666666667,[ 51.85150827  60.13698279],[ 0.  1.  1.  0.  0.],0.0,7.32304405424,1475450146.22
135.0,[ 51.82682149  60.00182302],[ 0.  1.  1.  0.  0.],0.0,7.32095902241,1475450146.77
135.333333333,[ 51.80246387  59.86846538],[ 0.  1.  1.  0.  0.],0.0,7.318901791,1475450146.88
135.666666667,[ 51.77843102  59.73688584],[ 0.  1.  1.  0.  0.],0.0,7.31687198934,1475450147.22
136.0,[ 51.75471861  59.6070607 ],[ 0.  1.  1.  0.  0.],0.0,7.3148692517,1475450147.77
136.333333333,[ 51.73132236  59.47896655],[ 0.  1.  1.  0.  0.],0.0,7.31289321724,1475450147.88
136.666666667,[ 51.70823806  59.35258033],[ 0.  1.  1.  0.  0.],0.0,7.31094352989,1475450148.22
137.0,[ 51.68546155  59.22787926],[ 0.  1.  1.  0.  0.],0.0,7.30901983838,1475450148.78
137.333333333,[ 51.66298873  59.10484087],[ 0.  1.  1.  0.  0.],0.0,7.30712179609,1475450148.88
137.666666667,[ 51.64081555  58.98344299],[ 0.  1.  1.  0.  0.],0.0,7.30524906104,1475450149.22
138.0,[ 51.61893801  58.86366375],[ 0.  1.  1.  0.  0.],0.0,7.30340129578,1475450149.77
138.333333333,[ 51.59735217  58.74548157],[ 0.  1.  1.  0.  0.],0.0,7.30157816739,1475450149.88
138.666666667,[ 51.57605414  58.62887515],[ 0.  1.  1.  0.  0.],0.0,7.29977934738,1475450150.22
139.0,[ 51.55504008  58.51382348],[ 0.  1.  1.  0.  0.],0.0,7.29800451164,1475450150.77
139.333333333,[ 51.53430622  58.40030583],[ 0.  1.  1.  0.  0.],0.0,7.29625334037,1475450150.89
139.666666667,[ 51.5138488   58.28830176],[ 0.  1.  1.  0.  0.],0.0,7.29452551805,1475450151.22
140.0,[ 51.49366415  58.17779107],[ 0.  1.  1.  0.  0.],0.0,7.29282073337,1475450151.78
140.333333333,[ 50.80708196  57.40208718],[ 0.  0.  0.  0.  0.],0.0,7.29113867915,1475450151.88
140.666666667,[ 50.79632087  57.30339269],[ 0.  1.  1.  0.  0.],0.0,7.23392349676,1475450152.22
141.0,[ 50.78570326  57.20601412],[ 0.  1.  1.  0.  0.],0.0,7.23302673902,1475450152.78
141.333333333,[ 50.77522721  57.10993393],[ 0.  1.  1.  0.  0.],0.0,7.23214193806,1475450152.88
141.666666667,[ 50.76489085  57.01513481],[ 0.  1.  1.  0.  0.],0.0,7.23126893444,1475450153.22
142.0,[ 50.75469231  56.92159968],[ 0.  1.  1.  0.  0.],0.0,7.23040757087,1475450153.75
142.333333333,[ 50.74462974  56.82931169],[ 0.  1.  1.  0.  0.],0.0,7.22955769215,1475450153.89
142.666666667,[ 50.73470135  56.7382542 ],[ 0.  1.  1.  0.  0.],0.0,7.22871914514,1475450154.22
143.0,[ 50.72490533  56.64841081],[ 0.  1.  1.  0.  0.],0.0,7.22789177876,1475450154.75
143.333333333,[ 50.71523992  56.55976533],[ 0.  1.  1.  0.  0.],0.0,7.22707544393,1475450154.89
143.666666667,[ 50.70570339  56.47230179],[ 0.  1.  1.  0.  0.],0.0,7.22626999357,1475450155.22
144.0,[ 50.69629401  56.38600444],[ 0.  1.  1.  0.  0.],0.0,7.22547528254,1475450155.76
144.333333333,[ 50.68701009  56.30085771],[ 0.  1.  1.  0.  0.],0.0,7.22469116767,1475450155.88
144.666666667,[ 50.67784996  56.21684627],[ 0.  1.  1.  0.  0.],0.0,7.22391750765,1475450156.22
145.0,[ 50.66881196  56.13395499],[ 0.  1.  1.  0.  0.],0.0,7.22315416311,1475450176.76
145.333333333,[ 50.65989447  56.05216892],[ 0.  1.  1.  0.  0.],0.0,7.22240099649,1475450176.76
145.666666667,[ 50.65109587  55.97147334],[ 0.  1.  1.  0.  0.],0.0,7.22165787209,1475450176.76
146.0,[ 50.64241459  55.89185369],[ 0.  1.  1.  0.  0.],0.0,7.22092465602,1475450176.99
146.333333333,[ 50.63384907  55.81329564],[ 0.  1.  1.  0.  0.],0.0,7.22020121616,1475450176.99
146.666666667,[ 50.62539775  55.73578504],[ 0.  1.  1.  0.  0.],0.0,7.21948742217,1475450176.99
147.0,[ 50.61705911  55.6593079 ],[ 0.  1.  1.  0.  0.],0.0,7.21878314543,1475450177.21
147.333333333,[ 50.60883165  55.58385046],[ 0.  1.  1.  0.  0.],0.0,7.21808825904,1475450177.21
147.666666667,[ 50.6007139   55.50939912],[ 0.  1.  1.  0.  0.],0.0,7.21740263781,1475450177.21
148.0,[ 50.59270438  55.43594047],[ 0.  1.  1.  0.  0.],0.0,7.2167261582,1475450177.43
148.333333333,[ 50.58480165  55.36346126],[ 0.  1.  1.  0.  0.],0.0,7.21605869831,1475450177.43
148.666666667,[ 50.5770043   55.29194845],[ 0.  1.  1.  0.  0.],0.0,7.21540013789,1475450177.43
149.0,[ 50.56931091  55.22138913],[ 0.  1.  1.  0.  0.],0.0,7.21475035827,1475450177.67
149.333333333,[ 50.5617201   55.15177061],[ 0.  1.  1.  0.  0.],0.0,7.21410924238,1475450177.67
149.666666667,[ 50.5542305   55.08308034],[ 0.  1.  1.  0.  0.],0.0,7.21347667471,1475450177.67
150.0,[ 50.54684076  55.01530593],[ 0.  1.  1.  0.  0.],0.0,7.21285254127,1475450177.9
150.333333333,[ 49.87288288  54.28176852],[ 0.  0.  0.  0.  0.],0.0,7.2122367296,1475450177.9
150.666666667,[ 49.87457777  54.22467827],[ 0.  1.  1.  0.  0.],0.0,7.15607357321,1475450177.9
151.0,[ 49.87625007  54.16834923],[ 0.  1.  1.  0.  0.],0.0,7.15621481446,1475450178.12
151.333333333,[ 49.87790007  54.11277124],[ 0.  1.  1.  0.  0.],0.0,7.15635417249,1475450178.12
151.666666667,[ 49.87952807  54.05793429],[ 0.  1.  1.  0.  0.],0.0,7.15649167241,1475450178.12
152.0,[ 49.88113436  54.0038285 ],[ 0.  1.  1.  0.  0.],0.0,7.156627339,1475450178.35
152.333333333,[ 49.88271924  53.95044412],[ 0.  1.  1.  0.  0.],0.0,7.1567611967,1475450178.35
152.666666667,[ 49.88428298  53.89777153],[ 0.  1.  1.  0.  0.],0.0,7.15689326963,1475450178.35
153.0,[ 49.88582587  53.84580124],[ 0.  1.  1.  0.  0.],0.0,7.15702358159,1475450178.57
153.333333333,[ 49.88734819  53.79452389],[ 0.  1.  1.  0.  0.],0.0,7.15715215606,1475450178.57
153.666666667,[ 49.88885022  53.74393024],[ 0.  1.  1.  0.  0.],0.0,7.1572790162,1475450178.57
154.0,[ 49.89033222  53.69401117],[ 0.  1.  1.  0.  0.],0.0,7.15740418488,1475450178.8
154.333333333,[ 49.89179445  53.64475769],[ 0.  1.  1.  0.  0.],0.0,7.15752768463,1475450178.8
154.666666667,[ 49.89323719  53.59616092],[ 0.  1.  1.  0.  0.],0.0,7.15764953773,1475450178.8
155.0,[ 49.8946607   53.54821211],[ 0.  1.  1.  0.  0.],0.0,7.15776976611,1475450179.02
155.333333333,[ 49.22939855  52.83423595],[ 0.  0.  0.  0.  0.],0.0,7.15788839145,1475450179.03
155.666666667,[ 49.23967324  52.79644613],[ 0.  1.  1.  0.  0.],0.0,7.10244987957,1475450179.03
156.0,[ 48.58314426  52.09249352],[ 0.  0.  0.  0.  0.],0.0,7.10330610339,1475450179.25
156.333333333,[ 48.60203567  52.0645936 ],[ 0.  1.  1.  0.  0.],0.0,7.04859535535,1475450179.25
156.666666667,[ 48.6206752   52.03706569],[ 0.  1.  1.  0.  0.],0.0,7.0501696395,1475450179.25
157.0,[ 48.6390662   52.00990481],[ 0.  1.  1.  0.  0.],0.0,7.0517229332,1475450179.48
157.333333333,[ 48.65721198  51.98310608],[ 0.  1.  1.  0.  0.],0.0,7.05325551631,1475450179.48
157.666666667,[ 48.00844915  51.289998  ],[ 0.  0.  0.  0.  0.],0.0,7.05476766498,1475450179.48
158.0,[ 48.3683365  50.9394647],[ 1.  0.  1.  0.  1.],0.0,7.00070409611,1475450179.71
158.333333333,[ 48.72342534  50.9269385 ],[ 1.  0.  1.  0.  0.],0.333333333333,7.03069470817,1475450179.71
158.666666667,[ 49.07377967  50.91457932],[ 1.  0.  1.  0.  0.],0.666666666667,7.06028544539,1475450179.71
159.0,[ 49.41946261  50.90238493],[ 1.  0.  1.  0.  0.],1.0,7.08948163945,1475450179.94
159.333333333,[ 49.76053644  50.89035313],[ 1.  0.  1.  0.  0.],1.33333333333,7.11828855093,1475450179.94
159.666666667,[ 50.09706262  50.87848175],[ 1.  0.  1.  0.  0.],1.66666666667,7.14671137025,1475450179.94
160.0,[ 50.42910179  50.86676866],[ 1.  0.  1.  0.  0.],2.0,7.17475521864,1475450180.16
160.333333333,[ 50.75671376  50.85521175],[ 1.  0.  1.  0.  0.],2.33333333333,7.20242514906,1475450180.16
160.666666667,[ 51.07995758  50.84380893],[ 1.  0.  1.  0.  0.],2.66666666667,7.22972614707,1475450180.16
161.0,[ 51.39889148  50.83255814],[ 1.  0.  1.  0.  0.],3.0,7.25666313178,1475450180.38
161.333333333,[ 51.71357293  50.82145736],[ 1.  0.  1.  0.  0.],3.33333333333,7.28324095669,1475450180.38
161.666666667,[ 52.02405862  50.8105046 ],[ 1.  0.  1.  0.  0.],3.66666666667,7.3094644106,1475450180.39
162.0,[ 52.33040451  50.79969787],[ 1.  0.  1.  0.  0.],4.0,7.33533821846,1475450180.61
162.333333333,[ 52.63266578  50.78903523],[ 1.  0.  1.  0.  0.],4.33333333333,7.36086704221,1475450180.61
162.666666667,[ 52.9308969   50.77851476],[ 1.  0.  1.  0.  0.],4.66666666667,7.38605548165,1475450180.61
163.0,[ 53.22515161  50.76813457],[ 1.  0.  1.  0.  0.],5.0,7.41090807523,1475450180.83
163.333333333,[ 53.51548292  50.75789277],[ 1.  0.  1.  0.  0.],5.33333333333,7.43542930089,1475450180.83
163.666666667,[ 53.80194315  50.74778754],[ 1.  0.  1.  0.  0.],5.66666666667,7.45962357688,1475450180.84
164.0,[ 54.08458391  50.73781704],[ 1.  0.  1.  0.  0.],6.0,7.48349526252,1475450181.06
164.333333333,[ 54.36345612  50.72797947],[ 1.  0.  1.  0.  0.],6.33333333333,7.50704865902,1475450181.06
164.666666667,[ 54.63861004  50.71827308],[ 1.  0.  1.  0.  0.],6.66666666667,7.53028801023,1475450181.06
165.0,[ 54.91009524  50.70869611],[ 1.  0.  1.  0.  0.],7.0,7.55321750343,1475450181.29
165.333333333,[ 55.17796064  50.69924683],[ 1.  0.  1.  0.  0.],7.33333333333,7.57584127005,1475450181.29
165.666666667,[ 54.4422545   52.02325687],[ 1.  0.  1.  1.  0.],7.66666666667,7.59816338645,1475450181.29
166.0,[ 54.38302444  52.66294678],[ 1.  1.  0.  1.  0.],8.0,7.5368545413,1475450181.52
166.333333333,[ 53.65791744  53.96077415],[ 1.  0.  1.  1.  0.],8.33333333333,7.53191870297,1475450181.53
166.666666667,[ 52.94247854  55.24129716],[ 1.  0.  1.  1.  0.],8.66666666667,7.47149312026,1475450181.53
167.0,[ 52.23657883  56.50474654],[ 1.  0.  1.  1.  0.],9.0,7.41187321199,1475450181.75
167.333333333,[ 51.54009111  57.75134992],[ 1.  0.  1.  1.  0.],9.33333333333,7.35304823583,1475450181.75
167.666666667,[ 50.8528899   58.98133192],[ 1.  0.  1.  1.  0.],9.66666666667,7.29500759269,1475450181.75
168.0,[ 50.17485137  60.19491416],[ 1.  0.  1.  1.  0.],10.0,7.23774082479,1475450181.98
168.333333333,[ 49.50585335  61.3923153 ],[ 1.  0.  1.  1.  0.],10.3333333333,7.18123761379,1475450181.98
168.666666667,[ 48.8457753  62.5737511],[ 1.  0.  1.  1.  0.],10.6666666667,7.12548777894,1475450181.98
169.0,[ 48.1944983   63.73943442],[ 1.  0.  1.  1.  0.],11.0,7.07048127522,1475450182.2
169.333333333,[ 47.55190499  64.88957529],[ 1.  0.  1.  1.  0.],11.3333333333,7.01620819155,1475450182.2
169.666666667,[ 46.91787959  66.02438095],[ 1.  0.  1.  1.  0.],11.6666666667,6.962658749,1475450182.2
170.0,[ 46.29230786  67.14405587],[ 1.  0.  1.  1.  0.],12.0,6.90982329901,1475450182.43
170.333333333,[ 45.67507709  68.2488018 ],[ 1.  0.  1.  1.  0.],12.3333333333,6.85769232169,1475450182.43
170.666666667,[ 45.06607606  69.33881777],[ 1.  0.  1.  1.  0.],12.6666666667,6.80625642407,1475450182.43
171.0,[ 44.46519505  70.4143002 ],[ 1.  0.  1.  1.  0.],13.0,6.75550633841,1475450182.77
171.333333333,[ 43.87232578  71.47544287],[ 1.  0.  1.  1.  0.],13.3333333333,6.70543292057,1475450182.89
171.666666667,[ 43.28736144  72.52243696],[ 1.  0.  1.  1.  0.],13.6666666667,6.65602714829,1475450183.22
172.0,[ 43.37686328  72.88880447],[ 1.  1.  0.  1.  0.],14.0,6.60728011965,1475450183.77
172.333333333,[ 42.79850511  73.91695374],[ 1.  0.  1.  1.  0.],14.3333333333,6.61473860694,1475450183.89
172.666666667,[ 42.22785837  74.93139436],[ 1.  0.  1.  1.  0.],14.6666666667,6.56654209218,1475450184.22
173.0,[ 42.33148693  75.26564243],[ 1.  1.  0.  1.  0.],15.0,6.51898819762,1475450184.79
173.333333333,[ 41.7670671   76.26210053],[ 1.  0.  1.  1.  0.],15.3333333333,6.52762391054,1475450184.88
173.666666667,[ 41.21017287  77.24527253],[ 1.  0.  1.  1.  0.],15.6666666667,6.48058892507,1475450185.22
174.0,[ 40.6607039   78.21533556],[ 1.  0.  1.  1.  0.],16.0,6.43418107273,1475450185.81
174.333333333,[ 40.11856118  79.17246442],[ 1.  0.  1.  1.  0.],16.3333333333,6.38839199176,1475450185.89
174.666666667,[ 39.58364703  80.11683156],[ 1.  0.  1.  1.  0.],16.6666666667,6.34321343187,1475450186.22
175.0,[ 39.05586507  81.04860714],[ 1.  0.  1.  1.  0.],17.0,6.29863725278,1475450186.8
175.333333333,[ 37.53512021  80.96795904],[ 0.  0.  0.  1.  1.],17.3333333333,6.25465542274,1475450186.89
175.666666667,[ 38.7013186   79.55505292],[ 1.  1.  0.  0.  1.],0.0,6.12792668377,1475450187.22
176.0,[ 38.18530102  78.16098555],[ 0.  0.  0.  0.  1.],0.333333333333,6.22510988355,1475450187.78
176.333333333,[ 38.34283034  77.78550574],[ 0.  1.  1.  0.  0.],0.0,6.18210841843,1475450187.89
176.666666667,[ 38.49825927  77.41503233],[ 0.  1.  1.  0.  0.],0.0,6.19523586174,1475450188.22
177.0,[ 38.65161581  77.04949857],[ 0.  1.  1.  0.  0.],0.0,6.20818827247,1475450188.76
177.333333333,[ 38.8029276   76.68883859],[ 0.  1.  1.  0.  0.],0.0,6.2209679844,1475450188.89
177.666666667,[ 38.9522219   76.33298741],[ 0.  1.  1.  0.  0.],0.0,6.23357730016,1475450189.22
178.0,[ 39.09952561  75.98188091],[ 0.  1.  1.  0.  0.],0.0,6.24601849171,1475450189.75
178.333333333,[ 39.24486527  75.63545583],[ 0.  1.  1.  0.  0.],0.0,6.25829380071,1475450189.89
178.666666667,[ 39.38826706  75.29364975],[ 0.  1.  1.  0.  0.],0.0,6.27040543893,1475450190.22
179.0,[ 39.52975684  74.95640109],[ 0.  1.  1.  0.  0.],0.0,6.28235558863,1475450190.75
179.333333333,[ 39.66936008  74.62364907],[ 0.  1.  1.  0.  0.],0.0,6.294146403,1475450190.89
179.666666667,[ 39.80710194  74.29533375],[ 0.  1.  1.  0.  0.],0.0,6.30578000652,1475450191.22
