./simulation results/2016-10-2_18-35-19.txt

Comfortable Program

simTime, model.x, model.u, model.d, model.z, systemTime

0.0,[ 1.          0.33333333],[ 1.  0.  1.  0.  1.],0.0,3.0,1475451319.44
0.333333333333,[ 1.98666667  0.99555556],[ 1.  0.  1.  0.  0.],0.333333333333,3.08333333333,1475451319.48
0.666666666667,[ 2.96017778  1.64894815],[ 1.  0.  1.  0.  0.],0.666666666667,3.16555555556,1475451319.82
1.0,[ 3.92070874  2.29362884],[ 1.  0.  1.  0.  0.],1.0,3.24668148148,1475451320.38
1.33333333333,[ 4.86843262  2.92971379],[ 1.  0.  1.  0.  0.],1.33333333333,3.3267257284,1475451320.48
1.66666666667,[ 5.80352019  3.5573176 ],[ 1.  0.  1.  0.  0.],1.66666666667,3.40570271868,1475451320.82
2.0,[ 7.39280659  3.5098867 ],[ 1.  1.  0.  0.  0.],2.0,3.48362668243,1475451321.38
2.33333333333,[ 8.9609025   3.46308821],[ 1.  1.  0.  0.  0.],2.33333333333,3.61606721556,1475451321.49
2.66666666667,[ 10.50809047   3.4169137 ],[ 1.  1.  0.  0.  0.],2.66666666667,3.74674187491,1475451321.82
3.0,[ 11.03464926   3.70468819],[ 0.  1.  1.  0.  1.],3.0,3.87567420546,1475451322.36
3.33333333333,[ 11.55418727   4.32195901],[ 0.  1.  1.  0.  0.],0.0,3.91955410494,1475451322.48
3.66666666667,[ 12.06679811   4.93099956],[ 0.  1.  1.  0.  0.],0.0,3.9628489391,1475451322.82
4.0,[ 12.57257413   5.53191956],[ 0.  1.  1.  0.  0.],0.0,4.0055665088,1475451323.36
4.33333333333,[ 13.07160648   6.1248273 ],[ 0.  1.  1.  0.  0.],0.0,4.04771451091,1475451323.48
4.66666666667,[ 13.56398506   6.70982961],[ 0.  1.  1.  0.  0.],0.0,4.08930053965,1475451323.82
5.0,[ 14.04979859   7.28703188],[ 0.  1.  1.  0.  0.],0.0,4.13033208801,1475451324.36
5.33333333333,[ 14.52913461   7.85653812],[ 0.  1.  1.  0.  0.],0.0,4.17081654906,1475451324.48
5.66666666667,[ 15.00207948   8.41845095],[ 0.  1.  1.  0.  0.],0.0,4.21076121729,1475451324.82
6.0,[ 15.46871842   8.9728716 ],[ 0.  1.  1.  0.  0.],0.0,4.25017328995,1475451325.35
6.33333333333,[ 15.92913551   9.51989998],[ 0.  1.  1.  0.  0.],0.0,4.28905986831,1475451325.48
6.66666666667,[ 16.3834137   10.05963464],[ 0.  1.  1.  0.  0.],0.0,4.32742795895,1475451325.82
7.0,[ 16.16496818   9.92550618],[ 0.  0.  0.  0.  0.],0.0,4.36528447506,1475451326.36
7.33333333333,[ 15.94943528   9.7931661 ],[ 0.  0.  0.  0.  0.],0.0,4.34708068206,1475451326.48
7.66666666667,[ 15.73677614   9.66259055],[ 0.  0.  0.  0.  0.],0.0,4.32911960629,1475451326.81
8.0,[ 16.52695246   9.86708935],[ 1.  0.  1.  0.  1.],0.0,4.31139801154,1475451327.35
8.33333333333,[ 17.30659309  10.40219482],[ 1.  0.  1.  0.  0.],0.333333333333,4.37724603806,1475451327.48
8.66666666667,[ 18.07583852  10.93016556],[ 1.  0.  1.  0.  0.],0.666666666667,4.44221609088,1475451327.82
9.0,[ 19.501494    10.78443002],[ 1.  1.  0.  0.  0.],1.0,4.50631987634,1475451328.36
9.33333333333,[ 20.90814075  10.64063762],[ 1.  1.  0.  0.  0.],1.33333333333,4.62512450021,1475451328.48
9.66666666667,[ 22.29603221  10.49876245],[ 1.  1.  0.  0.  0.],1.66666666667,4.74234506243,1475451328.82
10.0,[ 22.66541844  10.69211228],[ 0.  1.  1.  0.  1.],2.0,4.85800268382,1475451329.36
10.3333333333,[ 23.02987953  11.21621745],[ 0.  1.  1.  0.  0.],0.0,4.88878487026,1475451329.49
10.6666666667,[ 23.38948114  11.73333455],[ 0.  1.  1.  0.  0.],0.0,4.91915662754,1475451329.82
11.0,[ 23.74428805  12.24355676],[ 0.  1.  1.  0.  0.],0.0,4.94912342806,1475451330.36
11.3333333333,[ 23.42769755  12.08030933],[ 0.  0.  0.  0.  0.],0.0,4.97869067124,1475451330.48
11.6666666667,[ 23.11532825  11.91923854],[ 0.  0.  0.  0.  0.],0.0,4.95230812896,1475451330.82
12.0,[ 23.80712387  12.0936487 ],[ 1.  0.  1.  0.  1.],0.0,4.92627735391,1475451331.36
12.3333333333,[ 24.48969555  12.59906671],[ 1.  0.  1.  0.  0.],0.333333333333,4.98392698919,1475451331.48
12.6666666667,[ 25.16316628  13.09774582],[ 1.  0.  1.  0.  0.],0.666666666667,5.04080796267,1475451331.82
13.0,[ 26.49432406  12.92310921],[ 1.  1.  0.  0.  0.],1.0,5.09693052316,1475451332.35
13.3333333333,[ 27.80773307  12.75080109],[ 1.  1.  0.  0.  0.],1.33333333333,5.20786033841,1475451332.48
13.6666666667,[ 29.10362997  12.58079041],[ 1.  1.  0.  0.  0.],1.66666666667,5.31731108945,1475451332.82
14.0,[ 29.38224823  12.74637987],[ 0.  1.  1.  0.  1.],2.0,5.42530249715,1475451333.36
14.3333333333,[ 29.65715159  13.2430948 ],[ 0.  1.  1.  0.  0.],0.0,5.44852068608,1475451333.48
14.6666666667,[ 29.92838957  13.73318687],[ 0.  1.  1.  0.  0.],0.0,5.47142929915,1475451333.82
15.0,[ 30.19601104  14.21674438],[ 0.  1.  1.  0.  0.],0.0,5.49403246405,1475451334.36
15.3333333333,[ 30.46006423  14.69385446],[ 0.  1.  1.  0.  0.],0.0,5.51633425342,1475451334.48
15.6666666667,[ 30.7205967   15.16460306],[ 0.  1.  1.  0.  0.],0.0,5.5383386856,1475451334.82
16.0,[ 30.97765541  15.62907502],[ 0.  1.  1.  0.  0.],0.0,5.56004972535,1475451335.36
16.3333333333,[ 31.23128668  16.08735402],[ 0.  1.  1.  0.  0.],0.0,5.58147128456,1475451335.48
16.6666666667,[ 31.48153619  16.53952264],[ 0.  1.  1.  0.  0.],0.0,5.60260722299,1475451335.82
17.0,[ 31.72844904  16.98566233],[ 0.  1.  1.  0.  0.],0.0,5.62346134891,1475451336.36
17.3333333333,[ 31.30540305  16.75918684],[ 0.  0.  0.  0.  0.],0.0,5.64403741981,1475451336.48
17.6666666667,[ 30.88799768  16.53573101],[ 0.  0.  0.  0.  0.],0.0,5.60878358755,1475451336.81
18.0,[ 31.47615771  16.64858793],[ 1.  0.  1.  0.  1.],0.0,5.57399980638,1475451337.36
18.3333333333,[ 32.0564756   17.09327343],[ 1.  0.  1.  0.  0.],0.333333333333,5.62301314229,1475451337.48
18.6666666667,[ 32.62905593  17.53202978],[ 1.  0.  1.  0.  0.],0.666666666667,5.67137296706,1475451337.81
19.0,[ 33.19400185  17.96493605],[ 1.  0.  1.  0.  0.],1.0,5.71908799417,1475451338.35
19.3333333333,[ 33.75141516  18.39207024],[ 1.  0.  1.  0.  0.],1.33333333333,5.76616682091,1475451338.48
19.6666666667,[ 34.30139629  18.8135093 ],[ 1.  0.  1.  0.  0.],1.66666666667,5.81261792997,1475451338.82
20.0,[ 34.84404434  19.22932918],[ 1.  0.  1.  0.  0.],2.0,5.8584496909,1475451339.35
20.3333333333,[ 35.37945708  19.63960479],[ 1.  0.  1.  0.  0.],2.33333333333,5.90367036169,1475451339.49
20.6666666667,[ 35.90773099  20.04441006],[ 1.  0.  1.  0.  0.],2.66666666667,5.9482880902,1475451339.82
21.0,[ 36.42896124  20.44381792],[ 1.  0.  1.  0.  0.],3.0,5.99231091566,1475451340.34
21.3333333333,[ 37.60990842  20.17123368],[ 1.  1.  0.  0.  0.],3.33333333333,6.03574677012,1475451340.49
21.6666666667,[ 38.77510965  19.9022839 ],[ 1.  1.  0.  0.  0.],3.66666666667,6.13415903541,1475451340.82
22.0,[ 38.92477485  19.97025345],[ 0.  1.  1.  0.  1.],4.0,6.23125913716,1475451341.35
22.3333333333,[ 39.07244452  20.37065007],[ 0.  1.  1.  0.  0.],0.0,6.24373123755,1475451341.49
22.6666666667,[ 39.21814526  20.76570807],[ 0.  1.  1.  0.  0.],0.0,6.25603704327,1475451341.82
23.0,[ 39.36190332  21.15549863],[ 0.  1.  1.  0.  0.],0.0,6.26817877159,1475451342.35
23.3333333333,[ 39.50374461  21.54009198],[ 0.  1.  1.  0.  0.],0.0,6.28015861019,1475451342.48
23.6666666667,[ 39.64369468  21.91955742],[ 0.  1.  1.  0.  0.],0.0,6.29197871761,1475451342.82
24.0,[ 39.78177875  22.29396332],[ 0.  1.  1.  0.  0.],0.0,6.30364122359,1475451343.36
24.3333333333,[ 39.9180217   22.66337714],[ 0.  1.  1.  0.  0.],0.0,6.3151482295,1475451343.49
24.6666666667,[ 40.05244808  23.02786545],[ 0.  1.  1.  0.  0.],0.0,6.32650180866,1475451343.82
25.0,[ 40.18508211  23.38749391],[ 0.  1.  1.  0.  0.],0.0,6.33770400677,1475451344.35
25.3333333333,[ 40.31594768  23.74232732],[ 0.  1.  1.  0.  0.],0.0,6.34875684224,1475451344.49
25.6666666667,[ 40.44506838  24.09242963],[ 0.  1.  1.  0.  0.],0.0,6.35966230656,1475451344.82
26.0,[ 40.57246746  24.4378639 ],[ 0.  1.  1.  0.  0.],0.0,6.3704223647,1475451345.37
26.3333333333,[ 40.6981679   24.77869238],[ 0.  1.  1.  0.  0.],0.0,6.38103895539,1475451345.48
26.6666666667,[ 40.82219233  25.11497648],[ 0.  1.  1.  0.  0.],0.0,6.39151399154,1475451345.82
27.0,[ 40.9445631   25.44677679],[ 0.  1.  1.  0.  0.],0.0,6.40184936054,1475451346.35
27.3333333333,[ 41.06530225  25.7741531 ],[ 0.  1.  1.  0.  0.],0.0,6.41204692462,1475451346.48
27.6666666667,[ 41.18443156  26.09716439],[ 0.  1.  1.  0.  0.],0.0,6.42210852118,1475451346.82
28.0,[ 41.30197247  26.41586887],[ 0.  1.  1.  0.  0.],0.0,6.43203596312,1475451347.35
28.3333333333,[ 41.41794617  26.73032395],[ 0.  1.  1.  0.  0.],0.0,6.44183103917,1475451347.49
28.6666666667,[ 41.53237355  27.0405863 ],[ 0.  1.  1.  0.  0.],0.0,6.4514955142,1475451347.82
29.0,[ 41.64527524  27.34671181],[ 0.  1.  1.  0.  0.],0.0,6.46103112957,1475451348.35
29.3333333333,[ 41.75667157  27.64875566],[ 0.  1.  1.  0.  0.],0.0,6.4704396034,1475451348.49
29.6666666667,[ 41.86658262  27.94677225],[ 0.  1.  1.  0.  0.],0.0,6.47972263091,1475451348.82
30.0,[ 41.97502818  28.24081529],[ 0.  1.  1.  0.  0.],0.0,6.48888188472,1475451349.36
30.3333333333,[ 42.08202781  28.53093775],[ 0.  1.  1.  0.  0.],0.0,6.49791901514,1475451349.49
30.6666666667,[ 42.18760077  28.81719191],[ 0.  1.  1.  0.  0.],0.0,6.5068356505,1475451349.82
31.0,[ 41.62509942  28.43296269],[ 0.  0.  0.  0.  0.],0.0,6.51563339738,1475451350.36
31.3333333333,[ 41.0700981   28.05385652],[ 0.  0.  0.  0.  0.],0.0,6.46875828542,1475451350.48
31.6666666667,[ 40.52249679  27.6798051 ],[ 0.  0.  0.  0.  0.],0.0,6.42250817494,1475451350.82
32.0,[ 40.98219683  27.64407436],[ 1.  0.  1.  0.  1.],0.0,6.37687473261,1475451351.35
32.3333333333,[ 41.43576754  27.94215337],[ 1.  0.  1.  0.  0.],0.333333333333,6.41518306951,1475451351.49
32.6666666667,[ 41.88329064  28.23625799],[ 1.  0.  1.  0.  0.],0.666666666667,6.45298062858,1475451351.81
33.0,[ 42.32484677  28.52644122],[ 1.  0.  1.  0.  0.],1.0,6.4902742202,1475451372.35
33.3333333333,[ 43.42718214  28.14608867],[ 1.  1.  0.  0.  0.],1.33333333333,6.52707056393,1475451372.35
33.6666666667,[ 44.51481972  27.77080749],[ 1.  1.  0.  0.  0.],1.66666666667,6.6189318453,1475451372.35
34.0,[ 44.58795545  27.73386339],[ 0.  1.  1.  0.  1.],2.0,6.70956830959,1475451372.6
34.3333333333,[ 44.66011605  28.03074521],[ 0.  1.  1.  0.  0.],0.0,6.71566295435,1475451372.6
34.6666666667,[ 44.7313145   28.32366861],[ 0.  1.  1.  0.  0.],0.0,6.72167633718,1475451372.6
35.0,[ 44.80156364  28.61268636],[ 0.  1.  1.  0.  0.],0.0,6.72760954157,1475451372.82
35.3333333333,[ 44.87087612  28.89785054],[ 0.  1.  1.  0.  0.],0.0,6.73346363657,1475451372.82
35.6666666667,[ 44.93926444  29.17921253],[ 0.  1.  1.  0.  0.],0.0,6.73923967697,1475451372.82
36.0,[ 45.00674092  29.45682303],[ 0.  1.  1.  0.  0.],0.0,6.7449387035,1475451373.04
36.3333333333,[ 45.0733177   29.73073206],[ 0.  1.  1.  0.  0.],0.0,6.75056174301,1475451373.04
36.6666666667,[ 45.1390068   30.00098896],[ 0.  1.  1.  0.  0.],0.0,6.75610980866,1475451373.04
37.0,[ 45.20382004  30.26764244],[ 0.  1.  1.  0.  0.],0.0,6.7615839001,1475451373.27
37.3333333333,[ 45.26776911  30.53074055],[ 0.  1.  1.  0.  0.],0.0,6.76698500366,1475451373.27
37.6666666667,[ 45.33086552  30.79033067],[ 0.  1.  1.  0.  0.],0.0,6.7723140925,1475451373.27
38.0,[ 45.39312065  31.0464596 ],[ 0.  1.  1.  0.  0.],0.0,6.77757212682,1475451373.5
38.3333333333,[ 45.45454571  31.29917347],[ 0.  1.  1.  0.  0.],0.0,6.78276005402,1475451373.5
38.6666666667,[ 45.51515176  31.54851782],[ 0.  1.  1.  0.  0.],0.0,6.78787880885,1475451373.5
39.0,[ 45.57494974  31.79453758],[ 0.  1.  1.  0.  0.],0.0,6.79292931362,1475451373.72
39.3333333333,[ 45.63395041  32.03727708],[ 0.  1.  1.  0.  0.],0.0,6.79791247833,1475451373.72
39.6666666667,[ 45.6921644   32.27678006],[ 0.  1.  1.  0.  0.],0.0,6.80282920084,1475451373.72
40.0,[ 45.74960221  32.51308965],[ 0.  1.  1.  0.  0.],0.0,6.80768036705,1475451373.94
40.3333333333,[ 45.80627418  32.74624846],[ 0.  1.  1.  0.  0.],0.0,6.81246685105,1475451373.95
40.6666666667,[ 45.86219053  32.97629848],[ 0.  1.  1.  0.  0.],0.0,6.81718951525,1475451373.95
41.0,[ 45.91736132  33.20328117],[ 0.  1.  1.  0.  0.],0.0,6.82184921061,1475451374.17
41.3333333333,[ 45.9717965   33.42723742],[ 0.  1.  1.  0.  0.],0.0,6.82644677669,1475451374.17
41.6666666667,[ 46.02550588  33.64820759],[ 0.  1.  1.  0.  0.],0.0,6.83098304189,1475451374.17
42.0,[ 46.07849914  33.86623148],[ 0.  1.  1.  0.  0.],0.0,6.83545882355,1475451374.39
42.3333333333,[ 46.13078582  34.0813484 ],[ 0.  1.  1.  0.  0.],0.0,6.83987492813,1475451374.39
42.6666666667,[ 46.18237534  34.29359709],[ 0.  1.  1.  0.  0.],0.0,6.84423215131,1475451374.39
43.0,[ 46.233277    34.50301579],[ 0.  1.  1.  0.  0.],0.0,6.84853127818,1475451374.63
43.3333333333,[ 46.28349997  34.70964225],[ 0.  1.  1.  0.  0.],0.0,6.85277308336,1475451374.63
43.6666666667,[ 46.33305331  34.91351368],[ 0.  1.  1.  0.  0.],0.0,6.85695833114,1475451374.63
44.0,[ 46.38194593  35.11466684],[ 0.  1.  1.  0.  0.],0.0,6.86108777561,1475451374.85
44.3333333333,[ 46.43018665  35.31313794],[ 0.  1.  1.  0.  0.],0.0,6.86516216082,1475451374.85
44.6666666667,[ 46.47778416  35.50896277],[ 0.  1.  1.  0.  0.],0.0,6.8691822209,1475451374.86
45.0,[ 46.52474704  35.7021766 ],[ 0.  1.  1.  0.  0.],0.0,6.87314868018,1475451375.08
45.3333333333,[ 46.57108375  35.89281425],[ 0.  1.  1.  0.  0.],0.0,6.87706225333,1475451375.08
45.6666666667,[ 46.61680263  36.08091006],[ 0.  1.  1.  0.  0.],0.0,6.88092364551,1475451375.08
46.0,[ 46.66191193  36.26649792],[ 0.  1.  1.  0.  0.],0.0,6.88473355246,1475451375.3
46.3333333333,[ 46.70641977  36.44961128],[ 0.  1.  1.  0.  0.],0.0,6.88849266065,1475451375.3
46.6666666667,[ 46.75033417  36.63028313],[ 0.  1.  1.  0.  0.],0.0,6.89220164739,1475451375.3
47.0,[ 46.12699638  36.14187936],[ 0.  0.  0.  0.  0.],0.0,6.89586118098,1475451375.53
47.3333333333,[ 45.51196976  35.65998763],[ 0.  0.  0.  0.  0.],0.0,6.84391636524,1475451375.53
47.6666666667,[ 44.9051435   35.18452113],[ 0.  0.  0.  0.  0.],0.0,6.79266414703,1475451375.53
48.0,[ 45.30640825  35.04872752],[ 1.  0.  1.  0.  1.],0.0,6.74209529174,1475451375.76
48.3333333333,[ 45.70232281  35.24807782],[ 1.  0.  1.  0.  0.],0.333333333333,6.77553402118,1475451375.76
48.6666666667,[ 46.09295851  35.44477011],[ 1.  0.  1.  0.  0.],0.666666666667,6.8085269009,1475451375.76
49.0,[ 46.47838573  35.63883984],[ 1.  0.  1.  0.  0.],1.0,6.84107987556,1475451375.98
49.3333333333,[ 46.85867392  35.83032198],[ 1.  0.  1.  0.  0.],1.33333333333,6.87319881055,1475451375.98
49.6666666667,[ 47.2338916   36.01925102],[ 1.  0.  1.  0.  0.],1.66666666667,6.90488949308,1475451375.98
50.0,[ 47.60410638  36.20566101],[ 1.  0.  1.  0.  0.],2.0,6.93615763317,1475451376.2
50.3333333333,[ 47.96938496  36.38958553],[ 1.  0.  1.  0.  0.],2.33333333333,6.96700886473,1475451376.2
50.6666666667,[ 48.32979316  36.57105772],[ 1.  0.  1.  0.  0.],2.66666666667,6.99744874653,1475451376.2
51.0,[ 48.68539592  36.75011028],[ 1.  0.  1.  0.  0.],3.0,7.02748276324,1475451376.43
51.3333333333,[ 49.0362573   36.92677548],[ 1.  0.  1.  0.  0.],3.33333333333,7.0571163264,1475451376.43
51.6666666667,[ 49.38244054  37.10108514],[ 1.  0.  1.  0.  0.],3.66666666667,7.08635477538,1475451376.43
52.0,[ 49.724008    37.27307067],[ 1.  0.  1.  0.  0.],4.0,7.11520337837,1475451376.65
52.3333333333,[ 50.06102123  37.44276306],[ 1.  0.  1.  0.  0.],4.33333333333,7.14366733333,1475451376.65
52.6666666667,[ 50.39354094  37.61019289],[ 1.  0.  1.  0.  0.],4.66666666667,7.17175176889,1475451376.65
53.0,[ 50.72162706  37.77539032],[ 1.  0.  1.  0.  0.],5.0,7.1994617453,1475451376.87
53.3333333333,[ 51.0453387   37.93838511],[ 1.  0.  1.  0.  0.],5.33333333333,7.22680225536,1475451376.88
53.6666666667,[ 51.36473419  38.09920664],[ 1.  0.  1.  0.  0.],5.66666666667,7.25377822529,1475451376.88
54.0,[ 51.67987106  38.25788389],[ 1.  0.  1.  0.  0.],6.0,7.28039451562,1475451377.1
54.3333333333,[ 51.99080612  38.41444544],[ 1.  0.  1.  0.  0.],6.33333333333,7.30665592208,1475451377.1
54.6666666667,[ 52.29759537  38.5689195 ],[ 1.  0.  1.  0.  0.],6.66666666667,7.33256717645,1475451377.1
55.0,[ 52.6002941  38.7213339],[ 1.  0.  1.  0.  0.],7.0,7.35813294743,1475451377.32
55.3333333333,[ 52.89895684  38.87171612],[ 1.  0.  1.  0.  0.],7.33333333333,7.38335784147,1475451377.32
55.6666666667,[ 52.19363742  40.35342657],[ 1.  0.  1.  1.  0.],7.66666666667,7.40824640358,1475451377.32
56.0,[ 51.49772225  41.81538088],[ 1.  0.  1.  1.  0.],8.0,7.34946978487,1475451377.54
56.3333333333,[ 50.81108596  43.25784247],[ 1.  0.  1.  1.  0.],8.33333333333,7.2914768544,1475451377.54
56.6666666667,[ 50.13360481  44.68107124],[ 1.  0.  1.  1.  0.],8.66666666667,7.23425716301,1475451377.54
57.0,[ 49.46515675  46.08532362],[ 1.  0.  1.  1.  0.],9.0,7.17780040084,1475451377.77
57.3333333333,[ 48.80562132  47.47085264],[ 1.  0.  1.  1.  0.],9.33333333333,7.12209639549,1475451377.77
57.6666666667,[ 48.1548797   48.83790794],[ 1.  0.  1.  1.  0.],9.66666666667,7.06713511022,1475451377.77
58.0,[ 47.51281464  50.18673583],[ 1.  0.  1.  1.  0.],10.0,7.01290664208,1475451377.99
58.3333333333,[ 46.87931045  51.51757935],[ 1.  0.  1.  1.  0.],10.3333333333,6.95940122019,1475451377.99
58.6666666667,[ 46.25425297  52.8306783 ],[ 1.  0.  1.  1.  0.],10.6666666667,6.90660920392,1475451378.0
59.0,[ 46.30419627  53.45960259],[ 1.  1.  0.  1.  0.],11.0,6.8545210812,1475451378.38
59.3333333333,[ 46.35347365  54.08014122],[ 1.  1.  0.  1.  0.],11.3333333333,6.85868302234,1475451378.49
59.6666666667,[ 46.402094  54.692406],[ 1.  1.  0.  1.  0.],11.6666666667,6.86278947093,1475451378.82
60.0,[ 46.45006608  55.29650725],[ 1.  1.  0.  1.  0.],12.0,6.86684116687,1475451379.38
60.3333333333,[ 46.49739853  55.89255382],[ 1.  1.  0.  1.  0.],12.3333333333,6.8708388402,1475451379.48
60.6666666667,[ 46.54409989  56.48065311],[ 1.  1.  0.  1.  0.],12.6666666667,6.87478321122,1475451379.82
61.0,[ 45.92351189  57.72757773],[ 1.  0.  1.  1.  0.],13.0,6.87867499063,1475451380.38
61.3333333333,[ 45.3111984  58.9578767],[ 1.  0.  1.  1.  0.],13.3333333333,6.82695932409,1475451380.49
61.6666666667,[ 44.70704909  60.17177167],[ 1.  0.  1.  1.  0.],13.6666666667,6.77593319977,1475451380.82
62.0,[ 44.1109551   61.36948138],[ 1.  0.  1.  1.  0.],14.0,6.72558742377,1475451381.36
62.3333333333,[ 43.52280903  62.55122163],[ 1.  0.  1.  1.  0.],14.3333333333,6.67591292479,1475451381.48
62.6666666667,[ 43.60917158  63.05053868],[ 1.  1.  0.  1.  0.],14.6666666667,6.62690075246,1475451381.82
63.0,[ 43.69438262  63.54319816],[ 1.  1.  0.  1.  0.],15.0,6.63409763131,1475451382.38
63.3333333333,[ 43.77845752  64.02928885],[ 1.  1.  0.  1.  0.],15.3333333333,6.64119855178,1475451382.48
63.6666666667,[ 43.86141142  64.50889833],[ 1.  1.  0.  1.  0.],15.6666666667,6.64820479331,1475451382.82
64.0,[ 43.94325927  64.98211302],[ 1.  1.  0.  1.  0.],16.0,6.65511761829,1475451383.38
64.3333333333,[ 44.02401581  65.44901818],[ 1.  1.  0.  1.  0.],16.3333333333,6.66193827227,1475451383.48
64.6666666667,[ 44.1036956   65.90969794],[ 1.  1.  0.  1.  0.],16.6666666667,6.6686679842,1475451383.82
65.0,[ 43.51564632  67.03090197],[ 1.  0.  1.  1.  0.],17.0,6.67530796663,1475451384.36
65.3333333333,[ 42.93543771  68.13715661],[ 1.  0.  1.  1.  0.],17.3333333333,6.62630386041,1475451384.48
65.6666666667,[ 42.3629652   69.22866119],[ 1.  0.  1.  1.  0.],17.6666666667,6.57795314227,1475451384.82
66.0,[ 41.79812567  70.30561237],[ 1.  0.  1.  1.  0.],18.0,6.53024710037,1475451385.35
66.3333333333,[ 41.24081733  71.36820421],[ 1.  0.  1.  1.  0.],18.3333333333,6.48317713903,1475451385.48
66.6666666667,[ 40.69093976  72.41662815],[ 1.  0.  1.  1.  0.],18.6666666667,6.43673477718,1475451385.82
67.0,[ 40.1483939   73.45107311],[ 1.  0.  1.  1.  0.],19.0,6.39091164682,1475451386.37
67.3333333333,[ 39.61308198  74.47172547],[ 1.  0.  1.  1.  0.],19.3333333333,6.34569949153,1475451386.48
67.6666666667,[ 39.08490755  75.47876913],[ 1.  0.  1.  1.  0.],19.6666666667,6.30109016497,1475451386.82
68.0,[ 39.23044212  75.80571887],[ 1.  1.  0.  1.  0.],20.0,6.25707562944,1475451387.38
68.3333333333,[ 39.37403622  76.12830929],[ 1.  1.  0.  1.  0.],20.3333333333,6.26920350994,1475451387.48
68.6666666667,[ 39.51571574  76.4465985 ],[ 1.  1.  0.  1.  0.],20.6666666667,6.28116968536,1475451387.82
69.0,[ 39.6555062   76.76064385],[ 1.  1.  0.  1.  0.],21.0,6.29297631178,1475451388.36
69.3333333333,[ 39.79343278  77.07050193],[ 1.  1.  0.  1.  0.],21.3333333333,6.30462551651,1475451388.49
69.6666666667,[ 39.92952035  77.37622857],[ 1.  1.  0.  1.  0.],21.6666666667,6.31611939851,1475451388.82
70.0,[ 40.06379341  77.67787886],[ 1.  1.  0.  1.  0.],22.0,6.32746002875,1475451389.37
70.3333333333,[ 40.19627616  77.97550714],[ 1.  1.  0.  1.  0.],22.3333333333,6.33864945059,1475451389.48
70.6666666667,[ 40.32699248  78.26916705],[ 1.  1.  0.  1.  0.],22.6666666667,6.34968968014,1475451389.82
71.0,[ 39.78929925  79.22557815],[ 1.  0.  1.  1.  0.],23.0,6.36058270663,1475451390.37
71.3333333333,[ 39.25877526  80.16923711],[ 1.  0.  1.  1.  0.],23.3333333333,6.3157749372,1475451390.48
71.6666666667,[ 38.73532492  81.10031395],[ 1.  0.  1.  1.  0.],23.6666666667,6.27156460471,1475451390.82
72.0,[ 37.21885392  81.01897643],[ 0.  0.  0.  1.  1.],24.0,6.22794374331,1475451391.37
72.3333333333,[ 37.72260254  80.27205674],[ 1.  0.  1.  0.  1.],0.0,6.10157116007,1475451391.48
72.6666666667,[ 38.2196345   79.86842932],[ 1.  0.  1.  0.  0.],0.333333333333,6.14355021127,1475451391.82
73.0,[ 38.71003937  79.4701836 ],[ 1.  0.  1.  0.  0.],0.666666666667,6.18496954178,1475451392.35
73.3333333333,[ 39.19390552  79.07724781],[ 1.  0.  1.  0.  0.],1.0,6.22583661456,1475451392.49
73.6666666667,[ 39.67132011  78.68955118],[ 1.  0.  1.  0.  0.],1.33333333333,6.26615879303,1475451392.82
74.0,[ 40.14236917  78.30702383],[ 1.  0.  1.  0.  0.],1.66666666667,6.30594334246,1475451393.35
74.3333333333,[ 40.60713759  77.92959684],[ 1.  0.  1.  0.  0.],2.0,6.34519743123,1475451393.49
74.6666666667,[ 41.06570908  77.55720222],[ 1.  0.  1.  0.  0.],2.33333333333,6.38392813214,1475451393.82
75.0,[ 41.5181663   77.18977286],[ 1.  0.  1.  0.  0.],2.66666666667,6.42214242371,1475451394.35
75.3333333333,[ 41.96459075  76.82724255],[ 1.  0.  1.  0.  0.],3.0,6.4598471914,1475451394.49
75.6666666667,[ 42.40506287  76.46954598],[ 1.  0.  1.  0.  0.],3.33333333333,6.49704922885,1475451394.82
76.0,[ 43.5063287   75.44995204],[ 1.  1.  0.  0.  0.],3.66666666667,6.53375523913,1475451395.36
76.3333333333,[ 44.59291098  74.44395268],[ 1.  1.  0.  0.  0.],4.0,6.6255273915,1475451395.49
76.6666666667,[ 45.6650055   73.45136664],[ 1.  1.  0.  0.  0.],4.33333333333,6.71607591516,1475451395.82
77.0,[ 45.72280543  72.80534842],[ 0.  1.  1.  0.  1.],4.66666666667,6.80541712518,1475451396.36
77.3333333333,[ 45.77983469  72.50127711],[ 0.  1.  1.  0.  0.],0.0,6.81023378574,1475451396.49
77.6666666667,[ 45.83610356  72.20126008],[ 0.  1.  1.  0.  0.],0.0,6.81498622415,1475451396.82
78.0,[ 45.22495551  71.23857661],[ 0.  0.  0.  0.  0.],0.0,6.81967529672,1475451397.35
78.3333333333,[ 44.62195611  70.28872892],[ 0.  0.  0.  0.  0.],0.0,6.76874629276,1475451397.48
78.6666666667,[ 44.02699669  69.35154587],[ 0.  0.  0.  0.  0.],0.0,6.71849634219,1475451397.82
79.0,[ 44.43997007  68.76019193],[ 1.  0.  1.  0.  1.],0.0,6.66891639096,1475451398.35
79.3333333333,[ 44.84743713  68.51005603],[ 1.  0.  1.  0.  0.],0.333333333333,6.70333083908,1475451398.48
79.6666666667,[ 45.91613797  67.59658862],[ 1.  1.  0.  0.  0.],0.666666666667,6.73728642789,1475451398.82
80.0,[ 45.97058947  67.0286341 ],[ 0.  1.  1.  0.  1.],1.0,6.82634483108,1475451399.35
80.3333333333,[ 46.02431494  66.80158565],[ 0.  1.  1.  0.  0.],0.0,6.83088245555,1475451399.48
80.6666666667,[ 46.07732407  66.57756451],[ 0.  1.  1.  0.  0.],0.0,6.83535957837,1475451399.82
81.0,[ 46.12962642  66.35653031],[ 0.  1.  1.  0.  0.],0.0,6.83977700621,1475451400.35
81.3333333333,[ 46.1812314   66.13844324],[ 0.  1.  1.  0.  0.],0.0,6.84413553502,1475451400.48
81.6666666667,[ 46.23214832  65.923264  ],[ 0.  1.  1.  0.  0.],0.0,6.84843595011,1475451400.82
82.0,[ 46.28238634  65.71095381],[ 0.  1.  1.  0.  0.],0.0,6.85267902633,1475451401.35
82.3333333333,[ 46.33195452  65.50147443],[ 0.  1.  1.  0.  0.],0.0,6.8568655282,1475451401.48
82.6666666667,[ 46.38086179  65.2947881 ],[ 0.  1.  1.  0.  0.],0.0,6.86099621004,1475451401.82
83.0,[ 45.7624503   64.42419093],[ 0.  0.  0.  0.  0.],0.0,6.86507181613,1475451402.35
83.3333333333,[ 45.1522843   63.56520172],[ 0.  0.  0.  0.  0.],0.0,6.81353752525,1475451402.48
83.6666666667,[ 44.55025384  62.71766569],[ 0.  0.  0.  0.  0.],0.0,6.76269035825,1475451402.82
84.0,[ 44.95625046  62.21476348],[ 1.  0.  1.  0.  1.],0.0,6.71252115347,1475451403.36
84.3333333333,[ 45.35683378  62.05189997],[ 1.  0.  1.  0.  0.],0.333333333333,6.74635420476,1475451403.49
84.6666666667,[ 45.752076    61.89120797],[ 1.  0.  1.  0.  0.],0.666666666667,6.77973614869,1475451403.82
85.0,[ 46.14204832  61.73265853],[ 1.  0.  1.  0.  0.],1.0,6.81267300004,1475451404.35
85.3333333333,[ 46.52682101  61.57622309],[ 1.  0.  1.  0.  0.],1.33333333333,6.84517069338,1475451404.48
85.6666666667,[ 46.9064634   61.42187344],[ 1.  0.  1.  0.  0.],1.66666666667,6.87723508413,1475451404.82
86.0,[ 47.28104388  61.2695818 ],[ 1.  0.  1.  0.  0.],2.0,6.90887194968,1475451405.35
86.3333333333,[ 47.65062997  61.11932071],[ 1.  0.  1.  0.  0.],2.33333333333,6.94008699035,1475451405.48
86.6666666667,[ 48.6819549   60.30439643],[ 1.  1.  0.  0.  0.],2.66666666667,6.97088583048,1475451405.82
87.0,[ 48.69952883  59.83367115],[ 0.  1.  1.  0.  1.],3.0,7.05682957496,1475451406.36
87.3333333333,[ 48.71686845  59.70255553],[ 0.  1.  1.  0.  0.],0.0,7.05829406952,1475451406.48
87.6666666667,[ 48.73397687  59.57318812],[ 0.  1.  1.  0.  0.],0.0,7.05973903748,1475451406.82
88.0,[ 48.75085718  59.44554561],[ 0.  1.  1.  0.  0.],0.0,7.0611647392,1475451407.35
88.3333333333,[ 48.76751242  59.31960501],[ 0.  1.  1.  0.  0.],0.0,7.06257143157,1475451407.48
88.6666666667,[ 48.78394558  59.19534361],[ 0.  1.  1.  0.  0.],0.0,7.06395936803,1475451407.82
89.0,[ 48.80015964  59.07273903],[ 0.  1.  1.  0.  0.],0.0,7.06532879868,1475451408.36
89.3333333333,[ 48.81615751  58.95176917],[ 0.  1.  1.  0.  0.],0.0,7.06667997026,1475451408.49
89.6666666667,[ 48.83194208  58.83241225],[ 0.  1.  1.  0.  0.],0.0,7.06801312621,1475451408.82
90.0,[ 48.18084952  58.04798009],[ 0.  0.  0.  0.  0.],0.0,7.06932850675,1475451409.35
90.3333333333,[ 47.53843819  57.27400702],[ 0.  0.  0.  0.  0.],0.0,7.01507079332,1475451409.49
90.6666666667,[ 46.90459235  56.51035359],[ 0.  0.  0.  0.  0.],0.0,6.96153651608,1475451409.82
91.0,[ 47.27919779  56.09021554],[ 1.  0.  1.  0.  1.],0.0,6.9087160292,1475451410.35
91.3333333333,[ 47.64880848  56.00901267],[ 1.  0.  1.  0.  0.],0.333333333333,6.93993314881,1475451410.48
91.6666666667,[ 48.01349104  55.9288925 ],[ 1.  0.  1.  0.  0.],0.666666666667,6.97073404016,1475451410.82
92.0,[ 48.37331116  55.8498406 ],[ 1.  0.  1.  0.  0.],1.0,7.00112425296,1475451411.35
92.3333333333,[ 48.72833367  55.77184273],[ 1.  0.  1.  0.  0.],1.33333333333,7.03110926292,1475451411.48
92.6666666667,[ 49.07862256  55.69488482],[ 1.  0.  1.  0.  0.],1.66666666667,7.06069447275,1475451411.82
93.0,[ 49.42424092  55.61895303],[ 1.  0.  1.  0.  0.],2.0,7.08988521311,1475451412.34
93.3333333333,[ 49.76525104  55.54403365],[ 1.  0.  1.  0.  0.],2.33333333333,7.1186867436,1475451412.48
93.6666666667,[ 50.10171436  55.4701132 ],[ 1.  0.  1.  0.  0.],2.66666666667,7.14710425369,1475451412.82
94.0,[ 50.43369151  55.39717836],[ 1.  0.  1.  0.  0.],3.0,7.17514286364,1475451413.35
94.3333333333,[ 50.76124229  55.32521598],[ 1.  0.  1.  0.  0.],3.33333333333,7.20280762545,1475451413.48
94.6666666667,[ 51.08442572  55.2542131 ],[ 1.  0.  1.  0.  0.],3.66666666667,7.23010352378,1475451413.82
95.0,[ 51.40330005  55.18415693],[ 1.  0.  1.  0.  0.],4.0,7.2570354768,1475451414.35
95.3333333333,[ 51.71792271  55.11503484],[ 1.  0.  1.  0.  0.],4.33333333333,7.28360833711,1475451414.48
95.6666666667,[ 52.02835041  55.04683437],[ 1.  0.  1.  0.  0.],4.66666666667,7.30982689261,1475451414.82
96.0,[ 52.33463907  54.97954325],[ 1.  0.  1.  0.  0.],5.0,7.33569586738,1475451415.36
96.3333333333,[ 52.63684388  54.91314934],[ 1.  0.  1.  0.  0.],5.33333333333,7.36121992248,1475451415.48
96.6666666667,[ 52.9350193   54.84764068],[ 1.  0.  1.  0.  0.],5.66666666667,7.38640365685,1475451415.82
97.0,[ 53.22921904  54.78300547],[ 1.  0.  1.  0.  0.],6.0,7.41125160809,1475451416.35
97.3333333333,[ 53.51949612  54.71923206],[ 1.  0.  1.  0.  0.],6.33333333333,7.43576825331,1475451416.48
97.6666666667,[ 53.80590284  54.65630897],[ 1.  0.  1.  0.  0.],6.66666666667,7.45995800994,1475451416.81
98.0,[ 54.0884908   54.59422485],[ 1.  0.  1.  0.  0.],7.0,7.48382523647,1475451417.35
98.3333333333,[ 54.36731092  54.53296852],[ 1.  0.  1.  0.  0.],7.33333333333,7.50737423332,1475451417.49
98.6666666667,[ 53.64241344  55.80586227],[ 1.  0.  1.  1.  0.],7.66666666667,7.53060924354,1475451417.82
99.0,[ 52.92718126  57.06178411],[ 1.  0.  1.  1.  0.],8.0,7.47020112029,1475451418.35
99.3333333333,[ 52.22148551  58.30096032],[ 1.  0.  1.  1.  0.],8.33333333333,7.41059843869,1475451418.48
99.6666666667,[ 51.52519904  59.52361418],[ 1.  0.  1.  1.  0.],8.66666666667,7.35179045951,1475451418.82
100.0,[ 50.83819639  60.72996599],[ 1.  0.  1.  1.  0.],9.0,7.29376658671,1475451419.37
100.333333333,[ 50.16035377  61.92023311],[ 1.  0.  1.  1.  0.],9.33333333333,7.23651636556,1475451419.48
100.666666667,[ 49.49154905  63.09463   ],[ 1.  0.  1.  1.  0.],9.66666666667,7.18002948068,1475451419.82
101.0,[ 48.83166173  64.25336827],[ 1.  0.  1.  1.  0.],10.0,7.12429575427,1475451420.35
101.333333333,[ 48.18057291  65.39665669],[ 1.  0.  1.  1.  0.],10.3333333333,7.06930514422,1475451420.48
101.666666667,[ 47.53816527  66.52470127],[ 1.  0.  1.  1.  0.],10.6666666667,7.01504774229,1475451420.82
102.0,[ 46.90432307  67.63770525],[ 1.  0.  1.  1.  0.],11.0,6.9615137724,1475451421.35
102.333333333,[ 46.27893209  68.73586918],[ 1.  0.  1.  1.  0.],11.3333333333,6.90869358876,1475451421.48
102.666666667,[ 45.66187966  69.81939093],[ 1.  0.  1.  1.  0.],11.6666666667,6.85657767425,1475451421.82
103.0,[ 45.0530546   70.88846572],[ 1.  0.  1.  1.  0.],12.0,6.80515663859,1475451442.35
103.333333333,[ 44.45234721  71.94328617],[ 1.  0.  1.  1.  0.],12.3333333333,6.75442121674,1475451442.35
103.666666667,[ 43.85964924  72.98404236],[ 1.  0.  1.  1.  0.],12.6666666667,6.70436226719,1475451442.35
104.0,[ 43.27485392  74.01092179],[ 1.  0.  1.  1.  0.],13.0,6.65497077029,1475451442.58
104.333333333,[ 42.69785587  75.0241095 ],[ 1.  0.  1.  1.  0.],13.3333333333,6.60623782669,1475451442.58
104.666666667,[ 42.12855112  76.02378804],[ 1.  0.  1.  1.  0.],13.6666666667,6.55815465566,1475451442.58
105.0,[ 41.56683711  77.01013754],[ 1.  0.  1.  1.  0.],14.0,6.51071259359,1475451442.82
105.333333333,[ 41.01261261  77.9833357 ],[ 1.  0.  1.  1.  0.],14.3333333333,6.46390309234,1475451442.82
105.666666667,[ 40.46577778  78.94355789],[ 1.  0.  1.  1.  0.],14.6666666667,6.41771771778,1475451442.82
106.0,[ 39.92623407  79.89097712],[ 1.  0.  1.  1.  0.],15.0,6.37214814821,1475451443.07
106.333333333,[ 39.39388429  80.82576409],[ 1.  0.  1.  1.  0.],15.3333333333,6.3271861729,1475451443.08
106.666666667,[ 37.8686325   80.74808724],[ 0.  0.  0.  1.  1.],15.6666666667,6.28282369059,1475451443.08
107.0,[ 38.3637174   80.00477941],[ 1.  0.  1.  0.  1.],0.0,6.15571937472,1475451443.32
107.333333333,[ 37.85220116  78.60471568],[ 0.  0.  0.  0.  1.],0.333333333333,6.19697644972,1475451443.32
107.666666667,[ 38.34750515  77.88998614],[ 1.  0.  1.  0.  1.],0.0,6.15435009706,1475451443.32
108.0,[ 38.83620508  77.51811966],[ 1.  0.  1.  0.  0.],0.333333333333,6.1956254291,1475451443.55
108.333333333,[ 39.31838901  77.1512114 ],[ 1.  0.  1.  0.  0.],0.666666666667,6.23635042338,1475451443.55
108.666666667,[ 39.79414383  76.78919524],[ 1.  0.  1.  0.  0.],1.0,6.27653241773,1475451443.55
109.0,[ 40.26355524  76.43200597],[ 1.  0.  1.  0.  0.],1.33333333333,6.31617865216,1475451443.77
109.333333333,[ 40.72670784  76.07957923],[ 1.  0.  1.  0.  0.],1.66666666667,6.35529627013,1475451443.78
109.666666667,[ 41.18368507  75.7318515 ],[ 1.  0.  1.  0.  0.],2.0,6.39389231986,1475451443.78
110.0,[ 41.63456927  75.38876015],[ 1.  0.  1.  0.  0.],2.33333333333,6.4319737556,1475451443.99
110.333333333,[ 42.07944168  75.05024335],[ 1.  0.  1.  0.  0.],2.66666666667,6.46954743886,1475451443.99
110.666666667,[ 42.51838245  74.7162401 ],[ 1.  0.  1.  0.  0.],3.0,6.50662013967,1475451444.0
111.0,[ 42.95147069  74.38669024],[ 1.  0.  1.  0.  0.],3.33333333333,6.54319853781,1475451444.22
111.333333333,[ 43.37878441  74.06153437],[ 1.  0.  1.  0.  0.],3.66666666667,6.57928922397,1475451444.22
111.666666667,[ 43.80040062  73.74071391],[ 1.  0.  1.  0.  0.],4.0,6.61489870099,1475451444.22
112.0,[ 44.21639528  73.42417106],[ 1.  0.  1.  0.  0.],4.33333333333,6.65003338497,1475451444.44
112.333333333,[ 44.62684334  73.11184878],[ 1.  0.  1.  0.  0.],4.66666666667,6.68469960651,1475451444.44
112.666666667,[ 45.03181876  72.80369079],[ 1.  0.  1.  0.  0.],5.0,6.71890361175,1475451444.44
113.0,[ 45.43139451  72.49964158],[ 1.  0.  1.  0.  0.],5.33333333333,6.7526515636,1475451444.66
113.333333333,[ 45.82564259  72.19964636],[ 1.  0.  1.  0.  0.],5.66666666667,6.78594954275,1475451444.66
113.666666667,[ 46.21463402  71.90365108],[ 1.  0.  1.  0.  0.],6.0,6.81880354885,1475451444.66
114.0,[ 46.5984389   71.61160239],[ 1.  0.  1.  0.  0.],6.33333333333,6.85121950153,1475451444.88
114.333333333,[ 46.97712638  71.3234477 ],[ 1.  0.  1.  0.  0.],6.66666666667,6.88320324151,1475451444.89
114.666666667,[ 46.35076469  72.37246839],[ 1.  0.  1.  1.  0.],7.0,6.91476053162,1475451444.89
115.0,[ 45.7327545   73.40750215],[ 1.  0.  1.  1.  0.],7.33333333333,6.86256372453,1475451445.11
115.333333333,[ 45.12298444  74.42873545],[ 1.  0.  1.  1.  0.],7.66666666667,6.81106287487,1475451445.11
115.666666667,[ 44.52134465  75.43635231],[ 1.  0.  1.  1.  0.],8.0,6.76024870321,1475451445.11
116.0,[ 43.92772672  76.43053428],[ 1.  0.  1.  1.  0.],8.33333333333,6.71011205383,1475451445.35
116.333333333,[ 43.34202369  77.41146049],[ 1.  0.  1.  1.  0.],8.66666666667,6.66064389311,1475451445.35
116.666666667,[ 42.76413005  78.37930769],[ 1.  0.  1.  1.  0.],9.0,6.61183530787,1475451445.35
117.0,[ 42.19394164  79.33425025],[ 1.  0.  1.  1.  0.],9.33333333333,6.56367750377,1475451445.61
117.333333333,[ 41.63135576  80.27646025],[ 1.  0.  1.  1.  0.],9.66666666667,6.51616180372,1475451445.61
117.666666667,[ 41.07627101  81.20610744],[ 1.  0.  1.  1.  0.],10.0,6.46927964633,1475451445.61
118.0,[ 39.5285874   81.12335934],[ 0.  0.  0.  1.  1.],10.3333333333,6.42302258438,1475451445.86
118.333333333,[ 40.00153957  80.37504789],[ 1.  0.  1.  0.  1.],0.0,6.29404894992,1475451445.86
118.666666667,[ 40.46818571  79.97004725],[ 1.  0.  1.  0.  0.],0.333333333333,6.33346163059,1475451445.86
119.0,[ 40.9286099   79.57044662],[ 1.  0.  1.  0.  0.],0.666666666667,6.37234880885,1475451446.08
119.333333333,[ 41.3828951  79.176174 ],[ 1.  0.  1.  0.  0.],1.0,6.4107174914,1475451446.08
119.666666667,[ 41.83112316  78.78715834],[ 1.  0.  1.  0.  0.],1.33333333333,6.44857459151,1475451446.09
120.0,[ 42.27337485  78.40332956],[ 1.  0.  1.  0.  0.],1.66666666667,6.48592693029,1475451446.31
120.333333333,[ 42.70972986  78.0246185 ],[ 1.  0.  1.  0.  0.],2.0,6.52278123789,1475451446.31
120.666666667,[ 43.14026679  77.65095692],[ 1.  0.  1.  0.  0.],2.33333333333,6.55914415472,1475451446.31
121.0,[ 43.56506323  77.2822775 ],[ 1.  0.  1.  0.  0.],2.66666666667,6.59502223266,1475451446.53
121.333333333,[ 43.98419572  76.9185138 ],[ 1.  0.  1.  0.  0.],3.0,6.63042193622,1475451446.53
121.666666667,[ 44.39773978  76.55960028],[ 1.  0.  1.  0.  0.],3.33333333333,6.66534964374,1475451446.53
122.0,[ 44.80576992  76.20547228],[ 1.  0.  1.  0.  0.],3.66666666667,6.69981164849,1475451446.75
122.333333333,[ 45.20835965  75.85606598],[ 1.  0.  1.  0.  0.],4.0,6.73381415984,1475451446.75
122.666666667,[ 45.60558152  75.51131843],[ 1.  0.  1.  0.  0.],4.33333333333,6.76736330438,1475451446.76
123.0,[ 45.9975071   75.17116752],[ 1.  0.  1.  0.  0.],4.66666666667,6.80046512698,1475451446.98
123.333333333,[ 46.38420701  74.83555195],[ 1.  0.  1.  0.  0.],5.0,6.83312559196,1475451446.98
123.666666667,[ 46.76575092  74.50441126],[ 1.  0.  1.  0.  0.],5.33333333333,6.86535058406,1475451446.98
124.0,[ 47.14220757  74.17768578],[ 1.  0.  1.  0.  0.],5.66666666667,6.89714590961,1475451447.2
124.333333333,[ 47.5136448   73.85531663],[ 1.  0.  1.  0.  0.],6.0,6.92851729748,1475451447.2
124.666666667,[ 47.88012954  73.53724575],[ 1.  0.  1.  0.  0.],6.33333333333,6.95947040018,1475451447.2
125.0,[ 48.24172781  73.2234158 ],[ 1.  0.  1.  0.  0.],6.66666666667,6.99001079485,1475451447.43
125.333333333,[ 48.59850477  72.91377026],[ 1.  0.  1.  0.  0.],7.0,7.02014398425,1475451447.43
125.666666667,[ 47.95052471  73.94158666],[ 1.  0.  1.  1.  0.],7.33333333333,7.04987539779,1475451447.43
126.0,[ 47.31118438  74.95569883],[ 1.  0.  1.  1.  0.],7.66666666667,6.99587705916,1475451447.66
126.333333333,[ 46.68036859  75.95628952],[ 1.  0.  1.  1.  0.],8.0,6.94259869837,1475451447.66
126.666666667,[ 46.05796367  76.94353899],[ 1.  0.  1.  1.  0.],8.33333333333,6.89003071572,1475451447.66
127.0,[ 45.44385749  77.91762514],[ 1.  0.  1.  1.  0.],8.66666666667,6.83816363951,1475451447.91
127.333333333,[ 44.83793939  78.87872347],[ 1.  0.  1.  1.  0.],9.0,6.78698812432,1475451447.91
127.666666667,[ 44.2401002   79.82700715],[ 1.  0.  1.  1.  0.],9.33333333333,6.73649494933,1475451447.91
128.0,[ 43.6502322   80.76264706],[ 1.  0.  1.  1.  0.],9.66666666667,6.68667501667,1475451448.16
128.333333333,[ 42.0682291   80.68581176],[ 0.  0.  0.  1.  1.],10.0,6.63751934978,1475451448.16
128.666666667,[ 42.50731938  79.94333427],[ 1.  0.  1.  0.  1.],0.0,6.50568575845,1475451448.16
129.0,[ 42.94055512  79.54408982],[ 1.  0.  1.  0.  0.],0.333333333333,6.542276615,1475451448.38
129.333333333,[ 43.36801439  79.15016862],[ 1.  0.  1.  0.  0.],0.666666666667,6.57837959347,1475451448.48
129.666666667,[ 43.78977419  78.7614997 ],[ 1.  0.  1.  0.  0.],1.0,6.61400119889,1475451448.82
130.0,[ 44.20591054  78.37801304],[ 1.  0.  1.  0.  0.],1.33333333333,6.64914784957,1475451449.37
130.333333333,[ 44.6164984   77.99963953],[ 1.  0.  1.  0.  0.],1.66666666667,6.68382587825,1475451449.48
130.666666667,[ 45.02161175  77.62631101],[ 1.  0.  1.  0.  0.],2.0,6.7180415332,1475451449.82
131.0,[ 45.4213236   77.25796019],[ 1.  0.  1.  0.  0.],2.33333333333,6.75180097943,1475451450.38
131.333333333,[ 45.81570595  76.89452072],[ 1.  0.  1.  0.  0.],2.66666666667,6.7851102997,1475451450.48
131.666666667,[ 46.20482987  76.53592712],[ 1.  0.  1.  0.  0.],3.0,6.8179754957,1475451450.82
132.0,[ 46.58876547  76.18211475],[ 1.  0.  1.  0.  0.],3.33333333333,6.85040248909,1475451451.37
132.333333333,[ 46.96758193  75.83301989],[ 1.  0.  1.  0.  0.],3.66666666667,6.88239712257,1475451451.49
132.666666667,[ 47.34134751  75.48857963],[ 1.  0.  1.  0.  0.],4.0,6.91396516094,1475451451.82
133.0,[ 47.71012954  75.1487319 ],[ 1.  0.  1.  0.  0.],4.33333333333,6.94511229213,1475451452.38
133.333333333,[ 48.07399448  74.81341547],[ 1.  0.  1.  0.  0.],4.66666666667,6.97584412823,1475451452.48
133.666666667,[ 48.43300789  74.48256993],[ 1.  0.  1.  0.  0.],5.0,7.00616620652,1475451452.82
134.0,[ 48.78723445  74.15613567],[ 1.  0.  1.  0.  0.],5.33333333333,7.03608399044,1475451453.37
134.333333333,[ 49.13673799  73.83405386],[ 1.  0.  1.  0.  0.],5.66666666667,7.06560287056,1475451453.49
134.666666667,[ 49.48158148  73.51626647],[ 1.  0.  1.  0.  0.],6.0,7.09472816562,1475451453.81
135.0,[ 49.82182706  73.20271625],[ 1.  0.  1.  0.  0.],6.33333333333,7.12346512341,1475451454.35
135.333333333,[ 50.15753603  72.8933467 ],[ 1.  0.  1.  0.  0.],6.66666666667,7.15181892177,1475451454.48
135.666666667,[ 50.48876889  72.58810208],[ 1.  0.  1.  0.  0.],7.0,7.17979466948,1475451454.82
136.0,[ 49.8155853   73.62026072],[ 1.  0.  1.  1.  0.],7.33333333333,7.20739740722,1475451455.36
136.333333333,[ 49.1513775   74.63865724],[ 1.  0.  1.  1.  0.],7.66666666667,7.15129877512,1475451455.48
136.666666667,[ 48.4960258   75.64347515],[ 1.  0.  1.  1.  0.],8.0,7.09594812479,1475451455.81
137.0,[ 47.84941212  76.63489548],[ 1.  0.  1.  1.  0.],8.33333333333,7.04133548312,1475451456.37
137.333333333,[ 47.21141996  77.61309687],[ 1.  0.  1.  1.  0.],8.66666666667,6.98745101001,1475451456.48
137.666666667,[ 46.58193436  78.57825558],[ 1.  0.  1.  1.  0.],9.0,6.93428499655,1475451456.82
138.0,[ 45.9608419   79.53054551],[ 1.  0.  1.  1.  0.],9.33333333333,6.88182786326,1475451457.38
138.333333333,[ 45.34803068  80.47013823],[ 1.  0.  1.  1.  0.],9.66666666667,6.83007015842,1475451457.48
138.666666667,[ 44.74339027  81.39720306],[ 1.  0.  1.  1.  0.],10.0,6.7790025563,1475451457.82
139.0,[ 43.14681173  81.31190701],[-0.  0.  0.  1.  1.],10.3333333333,6.72861585555,1475451458.36
139.333333333,[ 43.57152091  80.56108159],[ 1.  0.  1.  0.  1.],-0.0,6.59556764415,1475451458.48
139.666666667,[ 43.99056729  80.1536005 ],[ 1.  0.  1.  0.  0.],0.333333333333,6.63096007556,1475451458.82
140.0,[ 44.4040264   79.75155249],[ 1.  0.  1.  0.  0.],0.666666666667,6.66588060788,1475451459.38
140.333333333,[ 44.81197271  79.35486513],[ 1.  0.  1.  0.  0.],1.0,6.70033553311,1475451459.48
140.666666667,[ 45.21447974  78.96346692],[ 1.  0.  1.  0.  0.],1.33333333333,6.73433105934,1475451459.82
141.0,[ 45.61162001  78.57728737],[ 1.  0.  1.  0.  0.],1.66666666667,6.76787331188,1475451460.36
141.333333333,[ 46.00346508  78.19625687],[ 1.  0.  1.  0.  0.],2.0,6.80096833439,1475451460.49
