./simulation results/2016-10-2_18-16-42.txt

Comfortable Program

simTime, model.x, model.u, model.d, model.z, systemTime

0.0,[ 1.          0.33333333],[ 1.  0.  1.  0.  1.],0.0,3.0,1475450202.33
0.333333333333,[ 1.98666667  0.99555556],[ 1.  0.  1.  0.  0.],0.333333333333,3.08333333333,1475450202.38
0.666666666667,[ 2.96017778  1.64894815],[ 1.  0.  1.  0.  0.],0.666666666667,3.16555555556,1475450202.72
1.0,[ 4.58737541  1.62696217],[ 1.  1.  0.  0.  0.],1.0,3.24668148148,1475450203.27
1.33333333333,[ 5.5262104   2.27193601],[ 1.  0.  1.  0.  0.],1.33333333333,3.38228128395,1475450203.38
1.66666666667,[ 6.4525276  2.9083102],[ 1.  0.  1.  0.  0.],1.66666666667,3.4605175335,1475450203.72
2.0,[ 7.3664939   3.53619939],[ 1.  0.  1.  0.  0.],2.0,3.53771063305,1475450204.26
2.33333333333,[ 8.26827398  4.15571674],[ 1.  0.  1.  0.  0.],2.33333333333,3.61387449128,1475450204.38
2.66666666667,[ 9.82469699  4.10030718],[ 1.  1.  0.  0.  0.],2.66666666667,3.68902283139,1475450204.72
3.0,[ 10.3603677    4.37896975],[ 0.  1.  1.  0.  1.],3.0,3.8187247492,1475450205.26
3.33333333333,[ 10.88889613   4.98725015],[ 0.  1.  1.  0.  0.],0.0,3.86336397476,1475450205.38
3.66666666667,[ 10.74371085   4.92075348],[ 0.  0.  0.  0.  0.],0.0,3.90740801066,1475450205.71
4.0,[ 11.60046137   5.18847677],[ 1.  0.  1.  0.  1.],0.0,3.89530923718,1475450206.25
4.33333333333,[ 13.11245522   5.11929708],[ 1.  1.  0.  0.  0.],0.333333333333,3.96670511402,1475450206.38
4.66666666667,[ 13.93762248   5.71770645],[ 1.  0.  1.  0.  0.],0.666666666667,4.09270460139,1475450206.71
5.0,[ 14.75178751   6.30813703],[ 1.  0.  1.  0.  0.],1.0,4.16146854003,1475450207.25
5.33333333333,[ 15.55509701   6.89069521],[ 1.  0.  1.  0.  0.],1.33333333333,4.22931562617,1475450207.38
5.66666666667,[ 16.34769572   7.46548594],[ 1.  0.  1.  0.  0.],1.66666666667,4.29625808449,1475450207.72
6.0,[ 17.79639311   7.36594613],[ 1.  1.  0.  0.  0.],2.0,4.36230797669,1475450208.25
6.33333333333,[ 18.55910787   7.93440018],[ 1.  0.  1.  0.  0.],2.33333333333,4.48303275923,1475450208.38
6.66666666667,[ 19.3116531    8.49527484],[ 1.  0.  1.  0.  0.],2.66666666667,4.54659232244,1475450208.71
7.0,[ 20.05416439   9.04867118],[ 1.  0.  1.  0.  0.],3.0,4.6093044248,1475450209.25
7.33333333333,[ 20.78677553   9.59468889],[ 1.  0.  1.  0.  0.],3.33333333333,4.67118036581,1475450209.38
7.66666666667,[ 21.50961852  10.13342638],[ 1.  0.  1.  0.  0.],3.66666666667,4.73223129426,1475450209.71
8.0,[ 22.22282361  10.66498069],[ 1.  0.  1.  0.  0.],4.0,4.79246821034,1475450210.25
8.33333333333,[ 22.9265193   11.18944761],[ 1.  0.  1.  0.  0.],4.33333333333,4.85190196753,1475450210.38
8.66666666667,[ 23.62083237  11.70692165],[ 1.  0.  1.  0.  0.],4.66666666667,4.91054327463,1475450210.72
9.0,[ 23.30588794  13.55082936],[ 1.  0.  1.  1.  0.],5.0,4.96840269764,1475450211.25
9.33333333333,[ 22.99514277  15.37015163],[ 1.  0.  1.  1.  0.],5.33333333333,4.94215732834,1475450211.38
9.66666666667,[ 22.68854086  17.16521628],[ 1.  0.  1.  1.  0.],5.66666666667,4.91626189729,1475450211.72
10.0,[ 22.38602699  18.93634673],[ 1.  0.  1.  1.  0.],6.0,4.89071173866,1475450212.27
10.3333333333,[ 22.08754663  20.6838621 ],[ 1.  0.  1.  1.  0.],6.33333333333,4.86550224881,1475450212.38
10.6666666667,[ 21.793046    22.40807728],[ 1.  0.  1.  1.  0.],6.66666666667,4.84062888549,1475450212.71
11.0,[ 21.50247206  24.10930291],[ 1.  0.  1.  1.  0.],7.0,4.81608716702,1475450213.29
11.3333333333,[ 21.8824391   25.12117887],[ 1.  1.  0.  1.  0.],7.33333333333,4.79187267146,1475450213.38
11.6666666667,[ 21.59067324  26.78622982],[ 1.  0.  1.  1.  0.],7.66666666667,4.8235365914,1475450213.71
12.0,[ 21.3027976   28.42908009],[ 1.  0.  1.  1.  0.],8.0,4.79922277018,1475450214.28
12.3333333333,[ 21.0187603   30.05002569],[ 1.  0.  1.  1.  0.],8.33333333333,4.77523313324,1475450214.38
12.6666666667,[ 20.73851016  31.64935868],[ 1.  0.  1.  1.  0.],8.66666666667,4.75156335813,1475450214.71
13.0,[ 20.46199669  33.22736723],[ 1.  0.  1.  1.  0.],9.0,4.72820918002,1475450215.25
13.3333333333,[ 20.18917007  34.78433567],[ 1.  0.  1.  1.  0.],9.33333333333,4.70516639096,1475450215.38
13.6666666667,[ 19.91998113  36.32054453],[ 1.  0.  1.  1.  0.],9.66666666667,4.68243083908,1475450215.71
14.0,[ 19.65438139  37.8362706 ],[ 1.  0.  1.  1.  0.],10.0,4.65999842789,1475450216.25
14.3333333333,[ 19.39232297  39.33178699],[ 1.  0.  1.  1.  0.],10.3333333333,4.63786511552,1475450216.38
14.6666666667,[ 19.13375866  40.80736317],[ 1.  0.  1.  1.  0.],10.6666666667,4.61602691398,1475450216.72
15.0,[ 18.87864188  42.26326499],[ 1.  0.  1.  1.  0.],11.0,4.59447988846,1475450217.26
15.3333333333,[ 18.62692665  43.69975479],[ 1.  0.  1.  1.  0.],11.3333333333,4.57322015661,1475450217.38
15.6666666667,[ 19.0452343   44.45042473],[ 1.  1.  0.  1.  0.],11.6666666667,4.55224388786,1475450217.72
16.0,[ 19.45796451  45.19108573],[ 1.  1.  0.  1.  0.],12.0,4.58710285824,1475450218.26
16.3333333333,[ 19.86519165  45.92187125],[ 1.  1.  0.  1.  0.],12.3333333333,4.62149704235,1475450218.38
16.6666666667,[ 20.26698909  46.64291297],[ 1.  1.  0.  1.  0.],12.6666666667,4.65543263734,1475450218.72
17.0,[ 19.99676257  48.02100746],[ 1.  0.  1.  1.  0.],13.0,4.68891575774,1475450219.26
17.3333333333,[ 20.39680574  48.7140607 ],[ 1.  1.  0.  1.  0.],13.3333333333,4.66639688097,1475450219.38
17.6666666667,[ 20.79151499  49.39787322],[ 1.  1.  0.  1.  0.],13.6666666667,4.69973381144,1475450219.71
18.0,[ 21.18096146  50.07256825],[ 1.  1.  0.  1.  0.],14.0,4.73262624951,1475450220.28
18.3333333333,[ 21.56521531  50.73826734],[ 1.  1.  0.  1.  0.],14.3333333333,4.76508012174,1475450220.38
18.6666666667,[ 21.2776791  52.0617571],[ 1.  0.  1.  1.  0.],14.6666666667,4.79710127567,1475450220.71
19.0,[ 20.99397672  53.36760034],[ 1.  0.  1.  1.  0.],15.0,4.77313992533,1475450221.25
19.3333333333,[ 20.71405703  54.65603234],[ 1.  0.  1.  1.  0.],15.3333333333,4.74949805966,1475450221.38
19.6666666667,[ 20.4378696   55.92728524],[ 1.  0.  1.  1.  0.],15.6666666667,4.72617141886,1475450221.71
20.0,[ 20.16536467  57.1815881 ],[ 1.  0.  1.  1.  0.],16.0,4.70315579995,1475450222.25
20.3333333333,[ 19.89649314  58.41916693],[ 1.  0.  1.  1.  0.],16.3333333333,4.68044705595,1475450222.38
20.6666666667,[ 19.63120657  59.6402447 ],[ 1.  0.  1.  1.  0.],16.6666666667,4.6580410952,1475450222.72
21.0,[ 19.36945715  60.84504144],[ 1.  0.  1.  1.  0.],17.0,4.6359338806,1475450223.25
21.3333333333,[ 19.11119772  62.03377422],[ 1.  0.  1.  1.  0.],17.3333333333,4.61412142886,1475450223.38
21.6666666667,[ 18.85638175  63.20665723],[ 1.  0.  1.  1.  0.],17.6666666667,4.59259980981,1475450223.71
22.0,[ 18.60496332  64.3639018 ],[ 1.  0.  1.  1.  0.],18.0,4.57136514567,1475450224.24
22.3333333333,[ 18.35689715  65.50571644],[ 1.  0.  1.  1.  0.],18.3333333333,4.5504136104,1475450224.38
22.6666666667,[ 18.11213852  66.63230689],[ 1.  0.  1.  1.  0.],18.6666666667,4.52974142893,1475450224.72
23.0,[ 17.87064334  67.74387613],[ 1.  0.  1.  1.  0.],19.0,4.50934487654,1475450225.25
23.3333333333,[ 17.63236809  68.84062445],[ 1.  0.  1.  1.  0.],19.3333333333,4.48922027819,1475450225.38
23.6666666667,[ 17.39726985  69.92274946],[ 1.  0.  1.  1.  0.],19.6666666667,4.46936400781,1475450225.72
24.0,[ 17.16530625  70.99044613],[ 1.  0.  1.  1.  0.],20.0,4.44977248771,1475450226.25
24.3333333333,[ 16.9364355   72.04390685],[ 1.  0.  1.  1.  0.],20.3333333333,4.43044218787,1475450226.38
24.6666666667,[ 16.71061636  73.08332143],[ 1.  0.  1.  1.  0.],20.6666666667,4.41136962537,1475450226.71
25.0,[ 16.48780815  74.10887714],[ 1.  0.  1.  1.  0.],21.0,4.39255136369,1475450227.25
25.3333333333,[ 16.2679707   75.12075878],[ 1.  0.  1.  1.  0.],21.3333333333,4.37398401218,1475450227.38
25.6666666667,[ 16.05106443  76.11914866],[ 1.  0.  1.  1.  0.],21.6666666667,4.35566422535,1475450227.71
26.0,[ 15.83705024  77.10422668],[ 1.  0.  1.  1.  0.],22.0,4.33758870235,1475450228.28
26.3333333333,[ 15.62588957  78.07617032],[ 1.  0.  1.  1.  0.],22.3333333333,4.31975418631,1475450228.38
26.6666666667,[ 15.41754437  79.03515472],[ 1.  0.  1.  1.  0.],22.6666666667,4.30215746383,1475450228.71
27.0,[ 15.21197711  79.98135266],[ 1.  0.  1.  1.  0.],23.0,4.28479536431,1475450229.27
27.3333333333,[ 15.00915075  80.91493462],[ 1.  0.  1.  1.  0.],23.3333333333,4.26766475945,1475450229.38
27.6666666667,[ 13.80902874  80.83606883],[ 0.  0.  0.  1.  1.],23.6666666667,4.25076256266,1475450229.72
28.0,[ 14.62490836  80.09158791],[ 1.  0.  1.  0.  1.],0.0,4.15075239516,1475450230.27
28.3333333333,[ 15.09657625  79.3570334 ],[ 0.  1.  1.  0.  1.],0.333333333333,4.21874236322,1475450230.38
28.6666666667,[ 15.89528856  78.63227296],[ 1.  0.  1.  0.  1.],0.0,4.2580480206,1475450230.72
29.0,[ 16.68335138  78.25050932],[ 1.  0.  1.  0.  0.],0.333333333333,4.32460738033,1475450231.25
29.3333333333,[ 17.4609067   77.87383586],[ 1.  0.  1.  0.  0.],0.666666666667,4.39027928192,1475450231.38
29.6666666667,[ 18.22809461  77.50218472],[ 1.  0.  1.  0.  0.],1.0,4.45507555817,1475450231.72
30.0,[ 18.98505335  77.13548892],[ 1.  0.  1.  0.  0.],1.33333333333,4.51900788406,1475450232.25
30.3333333333,[ 19.7319193  76.7736824],[ 1.  0.  1.  0.  0.],1.66666666667,4.58208777894,1475450232.38
30.6666666667,[ 20.46882705  76.41669997],[ 1.  0.  1.  0.  0.],2.0,4.64432660855,1475450232.72
31.0,[ 21.19590935  76.0644773 ],[ 1.  0.  1.  0.  0.],2.33333333333,4.7057355871,1475450233.26
31.3333333333,[ 21.91329723  75.71695094],[ 1.  0.  1.  0.  0.],2.66666666667,4.76632577927,1475450233.38
31.6666666667,[ 22.62111993  75.37405826],[ 1.  0.  1.  0.  0.],3.0,4.82610810222,1475450233.72
32.0,[ 23.319505    75.03573748],[ 1.  0.  1.  0.  0.],3.33333333333,4.88509332752,1475450234.25
32.3333333333,[ 24.00857826  74.70192765],[ 1.  0.  1.  0.  0.],3.66666666667,4.94329208315,1475450234.38
32.6666666667,[ 24.68846389  74.37256861],[ 1.  0.  1.  0.  0.],4.0,5.00071485538,1475450234.71
33.0,[ 25.35928437  74.04760103],[ 1.  0.  1.  0.  0.],4.33333333333,5.05737199064,1475450235.26
33.3333333333,[ 26.68782724  73.06029969],[ 1.  1.  0.  0.  0.],4.66666666667,5.11327369743,1475450235.38
33.6666666667,[ 27.33198955  72.75282902],[ 1.  0.  1.  0.  0.],5.0,5.22398560369,1475450235.71
34.0,[ 26.96756302  73.7827913 ],[ 1.  0.  1.  1.  0.],5.33333333333,5.27766579564,1475450236.26
34.3333333333,[ 26.60799551  74.79902075],[ 1.  0.  1.  1.  0.],5.66666666667,5.24729691836,1475450236.38
34.6666666667,[ 26.25322224  75.80170048],[ 1.  0.  1.  1.  0.],6.0,5.21733295945,1475450236.72
35.0,[ 25.90317928  76.79101114],[ 1.  0.  1.  1.  0.],6.33333333333,5.18776851999,1475450237.27
35.3333333333,[ 25.55780355  77.76713099],[ 1.  0.  1.  1.  0.],6.66666666667,5.15859827306,1475450237.38
35.6666666667,[ 25.21703284  78.73023591],[ 1.  0.  1.  1.  0.],7.0,5.12981696275,1475450237.72
36.0,[ 24.88080573  79.68049943],[ 1.  0.  1.  1.  0.],7.33333333333,5.10141940325,1475450238.27
36.3333333333,[ 24.54906166  80.61809277],[ 1.  0.  1.  1.  0.],7.66666666667,5.07340047787,1475450238.38
36.6666666667,[ 23.22174084  80.54318487],[ 0.  0.  0.  1.  1.],8.0,5.04575513817,1475450238.71
37.0,[ 24.57878429  79.1359424 ],[ 1.  1.  0.  0.  1.],0.0,4.93514506966,1475450239.26
37.3333333333,[ 24.25106717  77.74746317],[ 0.  0.  0.  0.  1.],0.333333333333,5.04823202429,1475450239.38
37.6666666667,[ 24.92771961  77.04416366],[ 1.  0.  1.  0.  1.],0.0,5.02092226396,1475450239.72
38.0,[ 25.59535001  76.68357481],[ 1.  0.  1.  0.  0.],0.333333333333,5.07730996711,1475450240.25
38.3333333333,[ 26.25407868  76.32779381],[ 1.  0.  1.  0.  0.],0.666666666667,5.13294583421,1475450240.38
38.6666666667,[ 26.90402429  75.97675656],[ 1.  0.  1.  0.  0.],1.0,5.18783988976,1475450240.72
39.0,[ 27.54530397  75.63039981],[ 1.  0.  1.  0.  0.],1.33333333333,5.24200202456,1475450241.25
39.3333333333,[ 28.17803325  75.28866114],[ 1.  0.  1.  0.  0.],1.66666666667,5.29544199757,1475450241.38
39.6666666667,[ 29.46899281  74.28481233],[ 1.  1.  0.  0.  0.],2.0,5.3481694376,1475450241.71
40.0,[ 29.74273957  73.6276815 ],[ 0.  1.  1.  0.  1.],2.33333333333,5.45574940065,1475450242.25
40.3333333333,[ 30.01283638  73.31264575],[ 0.  1.  1.  0.  0.],0.0,5.47856163087,1475450242.38
40.6666666667,[ 30.27933189  73.00181047],[ 0.  1.  1.  0.  0.],0.0,5.50106969801,1475450242.71
41.0,[ 30.54227413  72.69511966],[ 0.  1.  1.  0.  0.],0.0,5.52327765759,1475450243.25
41.3333333333,[ 30.80171048  72.39251807],[ 0.  1.  1.  0.  0.],0.0,5.54518951105,1475450243.38
41.6666666667,[ 31.05768767  72.09395116],[ 0.  1.  1.  0.  0.],0.0,5.56680920646,1475450243.71
42.0,[ 31.31025184  71.79936514],[ 0.  1.  1.  0.  0.],0.0,5.58814063926,1475450244.25
42.3333333333,[ 31.55944848  71.50870694],[ 0.  1.  1.  0.  0.],0.0,5.60918765296,1475450244.38
42.6666666667,[ 31.8053225   71.22192418],[ 0.  1.  1.  0.  0.],0.0,5.62995403981,1475450244.71
43.0,[ 32.0479182   70.93896519],[ 0.  1.  1.  0.  0.],0.0,5.6504435415,1475450245.26
43.3333333333,[ 32.28727929  70.65977899],[ 0.  1.  1.  0.  0.],0.0,5.67065984983,1475450245.38
43.6666666667,[ 32.5234489   70.38431527],[ 0.  1.  1.  0.  0.],0.0,5.69060660739,1475450245.71
44.0,[ 32.75646958  70.1125244 ],[ 0.  1.  1.  0.  0.],0.0,5.71028740818,1475450246.25
44.3333333333,[ 32.98638332  69.84435741],[ 0.  1.  1.  0.  0.],0.0,5.72970579829,1475450246.38
44.6666666667,[ 33.21323154  69.57976598],[ 0.  1.  1.  0.  0.],0.0,5.74886527654,1475450246.71
45.0,[ 33.43705512  69.31870243],[ 0.  1.  1.  0.  0.],0.0,5.76776929507,1475450247.25
45.3333333333,[ 33.65789439  69.06111973],[ 0.  1.  1.  0.  0.],0.0,5.78642126003,1475450247.38
45.6666666667,[ 33.87578913  68.80697147],[ 0.  1.  1.  0.  0.],0.0,5.80482453212,1475450247.72
46.0,[ 34.09077861  68.55621185],[ 0.  1.  1.  0.  0.],0.0,5.82298242725,1475450248.25
46.3333333333,[ 34.30290156  68.30879569],[ 0.  1.  1.  0.  0.],0.0,5.8408982171,1475450248.38
46.6666666667,[ 34.5121962   68.06467841],[ 0.  1.  1.  0.  0.],0.0,5.85857512977,1475450248.71
47.0,[ 34.71870025  67.82381604],[ 0.  1.  1.  0.  0.],0.0,5.87601635026,1475450249.25
47.3333333333,[ 34.92245092  67.58616516],[ 0.  1.  1.  0.  0.],0.0,5.89322502114,1475450249.38
47.6666666667,[ 35.1234849   67.35168295],[ 0.  1.  1.  0.  0.],0.0,5.91020424308,1475450249.71
48.0,[ 35.32183844  67.12032718],[ 0.  1.  1.  0.  0.],0.0,5.9269570754,1475450250.25
48.3333333333,[ 35.51754726  66.89205615],[ 0.  1.  1.  0.  0.],0.0,5.94348653661,1475450250.38
48.6666666667,[ 35.71064663  66.66682874],[ 0.  1.  1.  0.  0.],0.0,5.95979560501,1475450250.71
49.0,[ 35.90117134  66.44460435],[ 0.  1.  1.  0.  0.],0.0,5.97588721917,1475450251.25
49.3333333333,[ 36.08915572  66.22534296],[ 0.  1.  1.  0.  0.],0.0,5.99176427847,1475450251.38
49.6666666667,[ 36.27463365  66.00900506],[ 0.  1.  1.  0.  0.],0.0,6.00742964365,1475450251.71
50.0,[ 36.45763853  65.79555165],[ 0.  1.  1.  0.  0.],0.0,6.02288613729,1475450252.24
50.3333333333,[ 36.63820335  65.5849443 ],[ 0.  1.  1.  0.  0.],0.0,6.03813654434,1475450252.38
50.6666666667,[ 36.81636064  65.37714504],[ 0.  1.  1.  0.  0.],0.0,6.05318361264,1475450252.71
51.0,[ 36.9921425   65.17211644],[ 0.  1.  1.  0.  0.],0.0,6.06803005336,1475450253.26
51.3333333333,[ 37.1655806   64.96982156],[ 0.  1.  1.  0.  0.],0.0,6.08267854154,1475450253.38
51.6666666667,[ 37.33670619  64.77022393],[ 0.  1.  1.  0.  0.],0.0,6.09713171654,1475450253.71
52.0,[ 37.50555011  64.57328762],[ 0.  1.  1.  0.  0.],0.0,6.11139218254,1475450254.25
52.3333333333,[ 37.00547611  63.71231045],[ 0.  0.  0.  0.  0.],0.0,6.125462509,1475450254.38
52.6666666667,[ 37.17873643  63.52947964],[ 0.  1.  1.  0.  0.],0.0,6.08378967555,1475450254.72
53.0,[ 37.34968661  63.34908658],[ 0.  1.  1.  0.  0.],0.0,6.09822803543,1475450255.26
53.3333333333,[ 37.51835745  63.17109876],[ 0.  1.  1.  0.  0.],0.0,6.11247388384,1475450255.38
53.6666666667,[ 37.68477935  62.99548411],[ 0.  1.  1.  0.  0.],0.0,6.12652978761,1475450255.71
54.0,[ 37.84898229  62.82221099],[ 0.  1.  1.  0.  0.],0.0,6.14039827934,1475450256.25
54.3333333333,[ 38.01099586  62.65124817],[ 0.  1.  1.  0.  0.],0.0,6.15408185783,1475450256.38
54.6666666667,[ 38.17084925  62.48256486],[ 0.  1.  1.  0.  0.],0.0,6.16758298862,1475450276.72
55.0,[ 38.32857126  62.31613067],[ 0.  1.  1.  0.  0.],0.0,6.18090410432,1475450276.96
55.3333333333,[ 38.48419031  62.15191559],[ 0.  1.  1.  0.  0.],0.0,6.19404760516,1475450276.97
55.6666666667,[ 38.63773444  61.98989005],[ 0.  1.  1.  0.  0.],0.0,6.20701585931,1475450276.97
56.0,[ 38.78923132  61.83002485],[ 0.  1.  1.  0.  0.],0.0,6.21981120341,1475450277.19
56.3333333333,[ 38.93870823  61.67229118],[ 0.  1.  1.  0.  0.],0.0,6.23243594292,1475450277.19
56.6666666667,[ 39.08619212  61.51666064],[ 0.  1.  1.  0.  0.],0.0,6.24489235257,1475450277.19
57.0,[ 39.23170956  61.36310516],[ 0.  1.  1.  0.  0.],0.0,6.25718267676,1475450277.42
57.3333333333,[ 39.37528677  61.21159709],[ 0.  1.  1.  0.  0.],0.0,6.26930912995,1475450277.42
57.6666666667,[ 39.51694961  61.06210913],[ 0.  1.  1.  0.  0.],0.0,6.28127389711,1475450277.43
58.0,[ 39.65672361  60.91461434],[ 0.  1.  1.  0.  0.],0.0,6.29307913404,1475450277.65
58.3333333333,[ 39.79463397  60.76908615],[ 0.  1.  1.  0.  0.],0.0,6.30472696781,1475450277.66
58.6666666667,[ 39.93070551  60.62549834],[ 0.  1.  1.  0.  0.],0.0,6.31621949712,1475450277.66
59.0,[ 40.06496277  60.48382502],[ 0.  1.  1.  0.  0.],0.0,6.32755879272,1475450277.9
59.3333333333,[ 40.19742994  60.34404069],[ 0.  1.  1.  0.  0.],0.0,6.3387468977,1475450277.9
59.6666666667,[ 40.32813087  60.20612015],[ 0.  1.  1.  0.  0.],0.0,6.34978582796,1475450277.9
60.0,[ 40.45708912  60.07003855],[ 0.  1.  1.  0.  0.],0.0,6.36067757247,1475450278.12
60.3333333333,[ 40.58432794  59.93577137],[ 0.  1.  1.  0.  0.],0.0,6.37142409373,1475450278.13
60.6666666667,[ 40.70987023  59.80329441],[ 0.  1.  1.  0.  0.],0.0,6.38202732803,1475450278.13
61.0,[ 40.83373863  59.67258382],[ 0.  1.  1.  0.  0.],0.0,6.39248918588,1475450278.36
61.3333333333,[ 40.95595545  59.54361604],[ 0.  1.  1.  0.  0.],0.0,6.40281155229,1475450278.36
61.6666666667,[ 41.07654271  59.41636782],[ 0.  1.  1.  0.  0.],0.0,6.41299628715,1475450278.36
62.0,[ 41.19552214  59.29081625],[ 0.  1.  1.  0.  0.],0.0,6.42304522555,1475450278.58
62.3333333333,[ 41.31291518  59.1669387 ],[ 0.  1.  1.  0.  0.],0.0,6.43296017809,1475450278.58
62.6666666667,[ 41.42874297  59.04471285],[ 0.  1.  1.  0.  0.],0.0,6.44274293127,1475450278.58
63.0,[ 41.5430264   58.92411668],[ 0.  1.  1.  0.  0.],0.0,6.45239524775,1475450278.81
63.3333333333,[ 41.65578605  58.80512846],[ 0.  1.  1.  0.  0.],0.0,6.46191886667,1475450278.81
63.6666666667,[ 41.76704223  58.68772675],[ 0.  1.  1.  0.  0.],0.0,6.471315504,1475450278.81
64.0,[ 41.876815    58.57189039],[ 0.  1.  1.  0.  0.],0.0,6.48058685283,1475450279.03
64.3333333333,[ 41.98512414  58.45759852],[ 0.  1.  1.  0.  0.],0.0,6.48973458369,1475450279.03
64.6666666667,[ 42.09198915  58.34483054],[ 0.  1.  1.  0.  0.],0.0,6.49876034479,1475450279.03
65.0,[ 42.19742929  58.23356613],[ 0.  1.  1.  0.  0.],0.0,6.50766576242,1475450279.26
65.3333333333,[ 42.30146357  58.12378525],[ 0.  1.  1.  0.  0.],0.0,6.51645244114,1475450279.26
65.6666666667,[ 42.40411072  58.01546811],[ 0.  1.  1.  0.  0.],0.0,6.52512196415,1475450279.26
66.0,[ 42.50538925  57.9085952 ],[ 0.  1.  1.  0.  0.],0.0,6.53367589351,1475450279.48
66.3333333333,[ 42.60531739  57.80314727],[ 0.  1.  1.  0.  0.],0.0,6.54211577049,1475450279.48
66.6666666667,[ 42.70391316  57.6991053 ],[ 0.  1.  1.  0.  0.],0.0,6.55044311577,1475450279.48
67.0,[ 42.80119432  57.59645057],[ 0.  1.  1.  0.  0.],0.0,6.55865942978,1475450279.72
67.3333333333,[ 42.89717839  57.49516456],[ 0.  1.  1.  0.  0.],0.0,6.56676619294,1475450279.72
67.6666666667,[ 42.99188268  57.39522903],[ 0.  1.  1.  0.  0.],0.0,6.57476486593,1475450279.72
68.0,[ 43.08532424  57.29662598],[ 0.  1.  1.  0.  0.],0.0,6.58265688994,1475450279.94
68.3333333333,[ 43.17751992  57.19933763],[ 0.  1.  1.  0.  0.],0.0,6.59044368696,1475450279.95
68.6666666667,[ 43.26848632  57.10334646],[ 0.  1.  1.  0.  0.],0.0,6.59812666002,1475450279.95
69.0,[ 42.69157317  56.34196851],[ 0.  0.  0.  0.  0.],0.0,6.60570719344,1475450280.17
69.3333333333,[ 42.78901886  56.25740893],[ 0.  1.  1.  0.  0.],0.0,6.55763109753,1475450280.17
69.6666666667,[ 42.88516528  56.17397681],[ 0.  1.  1.  0.  0.],0.0,6.56575157179,1475450280.17
70.0,[ 42.98002974  56.09165712],[ 0.  1.  1.  0.  0.],0.0,6.57376377305,1475450280.39
70.3333333333,[ 43.07362934  56.01043503],[ 0.  1.  1.  0.  0.],0.0,6.58166914497,1475450280.39
70.6666666667,[ 43.16598095  55.93029589],[ 0.  1.  1.  0.  0.],0.0,6.58946911192,1475450280.4
71.0,[ 43.25710121  55.85122528],[ 0.  1.  1.  0.  0.],0.0,6.59716507932,1475450280.62
71.3333333333,[ 43.34700652  55.77320894],[ 0.  1.  1.  0.  0.],0.0,6.60475843382,1475450280.62
71.6666666667,[ 43.4357131   55.69623282],[ 0.  1.  1.  0.  0.],0.0,6.61225054359,1475450280.62
72.0,[ 43.52323693  55.62028305],[ 0.  1.  1.  0.  0.],0.0,6.61964275856,1475450280.84
72.3333333333,[ 43.60959377  55.54534595],[ 0.  1.  1.  0.  0.],0.0,6.62693641067,1475450280.84
72.6666666667,[ 43.69479919  55.471408  ],[ 0.  1.  1.  0.  0.],0.0,6.63413281408,1475450280.85
73.0,[ 43.77886853  55.39845589],[ 0.  1.  1.  0.  0.],0.0,6.64123326545,1475450281.07
73.3333333333,[ 43.86181695  55.32647648],[ 0.  1.  1.  0.  0.],0.0,6.64823904413,1475450281.07
73.6666666667,[ 43.94365939  55.25545679],[ 0.  1.  1.  0.  0.],0.0,6.65515141243,1475450281.07
74.0,[ 44.0244106   55.18538404],[ 0.  1.  1.  0.  0.],0.0,6.66197161582,1475450281.29
74.3333333333,[ 44.10408512  55.11624558],[ 0.  1.  1.  0.  0.],0.0,6.66870088317,1475450281.29
74.6666666667,[ 44.18269732  55.04802898],[ 0.  1.  1.  0.  0.],0.0,6.67534042695,1475450281.29
75.0,[ 44.26026136  54.98072192],[ 0.  1.  1.  0.  0.],0.0,6.68189144348,1475450281.52
75.3333333333,[ 44.33679121  54.9143123 ],[ 0.  1.  1.  0.  0.],0.0,6.68835511312,1475450281.52
75.6666666667,[ 44.41230066  54.84878813],[ 0.  1.  1.  0.  0.],0.0,6.6947326005,1475450281.52
76.0,[ 44.48680331  54.78413762],[ 0.  1.  1.  0.  0.],0.0,6.70102505472,1475450281.75
76.3333333333,[ 44.5603126   54.72034912],[ 0.  1.  1.  0.  0.],0.0,6.70723360954,1475450281.75
76.6666666667,[ 44.63284177  54.65741113],[ 0.  1.  1.  0.  0.],0.0,6.71335938364,1475450281.75
77.0,[ 44.70440388  54.59531232],[ 0.  1.  1.  0.  0.],0.0,6.71940348075,1475450281.97
77.3333333333,[ 44.77501183  54.53404149],[ 0.  1.  1.  0.  0.],0.0,6.72536698989,1475450281.97
77.6666666667,[ 44.84467834  54.4735876 ],[ 0.  1.  1.  0.  0.],0.0,6.73125098558,1475450281.98
78.0,[ 44.91341596  54.41393977],[ 0.  1.  1.  0.  0.],0.0,6.737056528,1475450282.2
78.3333333333,[ 44.98123708  54.35508724],[ 0.  1.  1.  0.  0.],0.0,6.74278466318,1475450282.2
78.6666666667,[ 45.04815392  54.29701941],[ 0.  1.  1.  0.  0.],0.0,6.74843642322,1475450282.2
79.0,[ 45.11417853  54.23972582],[ 0.  1.  1.  0.  0.],0.0,6.75401282647,1475450282.42
79.3333333333,[ 45.17932282  54.18319614],[ 0.  1.  1.  0.  0.],0.0,6.75951487767,1475450282.42
79.6666666667,[ 45.24359851  54.12742019],[ 0.  1.  1.  0.  0.],0.0,6.76494356819,1475450282.42
80.0,[ 45.3070172   54.07238792],[ 0.  1.  1.  0.  0.],0.0,6.77029987617,1475450282.65
80.3333333333,[ 45.3695903   54.01808941],[ 0.  1.  1.  0.  0.],0.0,6.77558476671,1475450282.65
80.6666666667,[ 45.4313291   53.96451489],[ 0.  1.  1.  0.  0.],0.0,6.78079919205,1475450282.72
81.0,[ 45.49224471  53.91165469],[ 0.  1.  1.  0.  0.],0.0,6.78594409171,1475450283.27
81.3333333333,[ 45.55234812  53.85949929],[ 0.  1.  1.  0.  0.],0.0,6.79102039271,1475450283.38
81.6666666667,[ 45.61165014  53.8080393 ],[ 0.  1.  1.  0.  0.],0.0,6.79602900969,1475450283.72
82.0,[ 45.67016147  53.75726545],[ 0.  1.  1.  0.  0.],0.0,6.80097084512,1475450284.27
82.3333333333,[ 45.72789265  53.70716857],[ 0.  1.  1.  0.  0.],0.0,6.80584678941,1475450284.38
82.6666666667,[ 45.78485408  53.65773966],[ 0.  1.  1.  0.  0.],0.0,6.8106577211,1475450284.72
83.0,[ 45.84105603  53.6089698 ],[ 0.  1.  1.  0.  0.],0.0,6.81540450704,1475450285.27
83.3333333333,[ 45.89650862  53.5608502 ],[ 0.  1.  1.  0.  0.],0.0,6.82008800251,1475450285.38
83.6666666667,[ 45.95122183  53.5133722 ],[ 0.  1.  1.  0.  0.],0.0,6.82470905136,1475450285.72
84.0,[ 46.00520554  53.46652723],[ 0.  1.  1.  0.  0.],0.0,6.82926848623,1475450286.28
84.3333333333,[ 46.05846947  53.42030687],[ 0.  1.  1.  0.  0.],0.0,6.83376712864,1475450286.38
84.6666666667,[ 46.11102321  53.37470278],[ 0.  1.  1.  0.  0.],0.0,6.83820578914,1475450286.71
85.0,[ 46.16287623  53.32970674],[ 0.  1.  1.  0.  0.],0.0,6.84258526751,1475450287.27
85.3333333333,[ 46.21403788  53.28531065],[ 0.  1.  1.  0.  0.],0.0,6.84690635283,1475450287.38
85.6666666667,[ 46.26451738  53.24150651],[ 0.  1.  1.  0.  0.],0.0,6.85116982368,1475450287.71
86.0,[ 46.31432381  53.19828642],[ 0.  1.  1.  0.  0.],0.0,6.85537644826,1475450288.25
86.3333333333,[ 46.36346616  53.15564261],[ 0.  1.  1.  0.  0.],0.0,6.8595269845,1475450288.38
86.6666666667,[ 46.41195328  53.11356737],[ 0.  1.  1.  0.  0.],0.0,6.86362218027,1475450288.71
87.0,[ 46.4597939   53.07205314],[ 0.  1.  1.  0.  0.],0.0,6.86766277342,1475450289.25
87.3333333333,[ 46.50699665  53.03109243],[ 0.  1.  1.  0.  0.],0.0,6.87164949199,1475450289.38
87.6666666667,[ 46.55357003  52.99067786],[ 0.  1.  1.  0.  0.],0.0,6.87558305432,1475450289.72
88.0,[ 46.59952243  52.95080216],[ 0.  1.  1.  0.  0.],0.0,6.87946416915,1475450290.25
88.3333333333,[ 46.64486213  52.91145813],[ 0.  1.  1.  0.  0.],0.0,6.88329353579,1475450290.38
88.6666666667,[ 46.6895973   52.87263869],[ 0.  1.  1.  0.  0.],0.0,6.8870718442,1475450290.72
89.0,[ 46.733736    52.83433684],[ 0.  1.  1.  0.  0.],0.0,6.89079977517,1475450291.24
89.3333333333,[ 46.77728619  52.79654568],[ 0.  1.  1.  0.  0.],0.0,6.89447800039,1475450291.38
89.6666666667,[ 46.82025571  52.75925841],[ 0.  1.  1.  0.  0.],0.0,6.8981071826,1475450291.72
90.0,[ 46.8626523   52.72246829],[ 0.  1.  1.  0.  0.],0.0,6.90168797572,1475450292.24
90.3333333333,[ 46.9044836   52.68616872],[ 0.  1.  1.  0.  0.],0.0,6.90522102494,1475450292.38
90.6666666667,[ 46.94575715  52.65035313],[ 0.  1.  1.  0.  0.],0.0,6.90870696683,1475450292.71
91.0,[ 46.98648039  52.61501509],[ 0.  1.  1.  0.  0.],0.0,6.91214642949,1475450293.25
91.3333333333,[ 47.02666065  52.58014822],[ 0.  1.  1.  0.  0.],0.0,6.91554003265,1475450293.38
91.6666666667,[ 46.39963851  51.87907958],[ 0.  0.  0.  0.  0.],0.0,6.91888838777,1475450293.71
92.0,[ 46.78097666  51.52069185],[ 1.  0.  1.  0.  1.],0.0,6.8666365426,1475450294.26
92.3333333333,[ 47.15723031  51.50041596],[ 1.  0.  1.  0.  0.],0.333333333333,6.89841472203,1475450294.38
92.6666666667,[ 47.52846724  51.48041042],[ 1.  0.  1.  0.  0.],0.666666666667,6.92976919241,1475450294.71
93.0,[ 47.89475434  51.46067161],[ 1.  0.  1.  0.  0.],1.0,6.96070560318,1475450295.25
93.3333333333,[ 48.25615762  51.44119599],[ 1.  0.  1.  0.  0.],1.33333333333,6.99122952847,1475450295.38
93.6666666667,[ 48.61274218  51.42198004],[ 1.  0.  1.  0.  0.],1.66666666667,7.02134646809,1475450295.71
94.0,[ 48.96457229  51.40302031],[ 1.  0.  1.  0.  0.],2.0,7.05106184851,1475450296.25
94.3333333333,[ 49.31171132  51.38431337],[ 1.  0.  1.  0.  0.],2.33333333333,7.08038102387,1475450296.38
94.6666666667,[ 49.65422184  51.36585586],[ 1.  0.  1.  0.  0.],2.66666666667,7.10930927688,1475450296.71
95.0,[ 49.99216555  51.34764445],[ 1.  0.  1.  0.  0.],3.0,7.13785181986,1475450297.25
95.3333333333,[ 50.32560334  51.32967586],[ 1.  0.  1.  0.  0.],3.33333333333,7.16601379559,1475450297.38
95.6666666667,[ 50.6545953   51.31194684],[ 1.  0.  1.  0.  0.],3.66666666667,7.19380027832,1475450297.72
96.0,[ 50.97920069  51.29445422],[ 1.  0.  1.  0.  0.],4.0,7.22121627461,1475450298.24
96.3333333333,[ 51.29947802  51.27719483],[ 1.  0.  1.  0.  0.],4.33333333333,7.24826672428,1475450298.38
96.6666666667,[ 51.61548498  51.26016557],[ 1.  0.  1.  0.  0.],4.66666666667,7.27495650129,1475450298.72
97.0,[ 51.92727851  51.24336336],[ 1.  0.  1.  0.  0.],5.0,7.3012904146,1475450299.24
97.3333333333,[ 52.2349148   51.22678518],[ 1.  0.  1.  0.  0.],5.33333333333,7.32727320908,1475450299.38
97.6666666667,[ 52.53844926  51.21042804],[ 1.  0.  1.  0.  0.],5.66666666667,7.35290956629,1475450299.72
98.0,[ 52.83793661  51.194289  ],[ 1.  0.  1.  0.  0.],6.0,7.3782041054,1475450300.25
98.3333333333,[ 53.13343079  51.17836515],[ 1.  0.  1.  0.  0.],6.33333333333,7.403161384,1475450300.38
98.6666666667,[ 53.42498504  51.16265361],[ 1.  0.  1.  0.  0.],6.66666666667,7.42778589888,1475450300.72
99.0,[ 53.71265191  51.14715157],[ 1.  0.  1.  0.  0.],7.0,7.45208208689,1475450301.24
99.3333333333,[ 53.99648322  51.13185621],[ 1.  0.  1.  0.  0.],7.33333333333,7.47605432573,1475450301.38
99.6666666667,[ 53.27653011  52.45009813],[ 1.  0.  1.  1.  0.],7.66666666667,7.49970693472,1475450301.71
100.0,[ 52.56617637  53.75076349],[ 1.  0.  1.  1.  0.],8.0,7.43971084226,1475450302.26
100.333333333,[ 51.86529402  55.03408664],[ 1.  0.  1.  1.  0.],8.33333333333,7.3805146977,1475450302.38
100.666666667,[ 51.17375677  56.30029882],[ 1.  0.  1.  1.  0.],8.66666666667,7.32210783506,1475450302.71
101.0,[ 50.49144001  57.54962817],[ 1.  0.  1.  1.  0.],9.0,7.26447973059,1475450303.26
101.333333333,[ 49.81822081  58.78229979],[ 1.  0.  1.  1.  0.],9.33333333333,7.20762000085,1475450303.38
101.666666667,[ 49.15397787  59.9985358 ],[ 1.  0.  1.  1.  0.],9.66666666667,7.15151840084,1475450303.71
102.0,[ 48.49859149  61.19855532],[ 1.  0.  1.  1.  0.],10.0,7.09616482216,1475450304.25
102.333333333,[ 47.85194361  62.38257458],[ 1.  0.  1.  1.  0.],10.3333333333,7.0415492912,1475450304.38
102.666666667,[ 47.21391769  63.55080692],[ 1.  0.  1.  1.  0.],10.6666666667,6.98766196732,1475450304.71
103.0,[ 46.58439879  64.70346283],[ 1.  0.  1.  1.  0.],11.0,6.93449314109,1475450305.25
103.333333333,[ 45.96327347  65.84074999],[ 1.  0.  1.  1.  0.],11.3333333333,6.88203323254,1475450305.38
103.666666667,[ 45.35042983  66.96287332],[ 1.  0.  1.  1.  0.],11.6666666667,6.83027278944,1475450305.72
104.0,[ 44.74575743  68.07003501],[ 1.  0.  1.  1.  0.],12.0,6.77920248558,1475450306.25
104.333333333,[ 44.14914733  69.16243455],[ 1.  0.  1.  1.  0.],12.3333333333,6.72881311911,1475450306.38
104.666666667,[ 43.56049203  70.24026875],[ 1.  0.  1.  1.  0.],12.6666666667,6.67909561085,1475450306.72
105.0,[ 42.97968547  71.30373183],[ 1.  0.  1.  1.  0.],13.0,6.63004100271,1475450307.25
105.333333333,[ 42.406623    72.35301541],[ 1.  0.  1.  1.  0.],13.3333333333,6.581640456,1475450307.38
105.666666667,[ 41.84120136  73.38830854],[ 1.  0.  1.  1.  0.],13.6666666667,6.53388524992,1475450307.72
106.0,[ 41.28331867  74.40979776],[ 1.  0.  1.  1.  0.],14.0,6.48676677993,1475450308.26
106.333333333,[ 40.73287443  75.41766712],[ 1.  0.  1.  1.  0.],14.3333333333,6.44027655619,1475450308.38
106.666666667,[ 40.18976943  76.41209823],[ 1.  0.  1.  1.  0.],14.6666666667,6.39440620211,1475450308.71
107.0,[ 39.65390584  77.39327025],[ 1.  0.  1.  1.  0.],15.0,6.34914745275,1475450309.27
107.333333333,[ 39.1251871   78.36135998],[ 1.  0.  1.  1.  0.],15.3333333333,6.30449215338,1475450309.38
107.666666667,[ 39.2701846   78.64987518],[ 1.  1.  0.  1.  0.],15.6666666667,6.260432258,1475450309.72
108.0,[ 38.74658214  79.60121018],[ 1.  0.  1.  1.  0.],16.0,6.27251538345,1475450310.29
108.333333333,[ 38.89662771  79.87319404],[ 1.  1.  0.  1.  0.],16.3333333333,6.228881845,1475450310.38
108.666666667,[ 38.37800601  80.80821812],[ 1.  0.  1.  1.  0.],16.6666666667,6.24138564263,1475450310.71
109.0,[ 36.86629926  80.73077521],[ 0.  0.  0.  1.  1.],17.0,6.19816716739,1475450311.28
109.333333333,[ 37.37474861  79.98769821],[ 1.  0.  1.  0.  1.],0.0,6.07219160516,1475450311.38
109.666666667,[ 37.87641862  79.58786223],[ 1.  0.  1.  0.  0.],0.333333333333,6.11456238376,1475450311.71
110.0,[ 38.37139971  79.1933574 ],[ 1.  0.  1.  0.  0.],0.666666666667,6.15636821864,1475450312.24
110.333333333,[ 38.85978105  78.80411264],[ 1.  0.  1.  0.  0.],1.0,6.19761664239,1475450312.38
110.666666667,[ 39.34165063  78.4200578 ],[ 1.  0.  1.  0.  0.],1.33333333333,6.23831508716,1475450312.72
111.0,[ 39.81709529  78.0411237 ],[ 1.  0.  1.  0.  0.],1.66666666667,6.278470886,1475450313.26
111.333333333,[ 40.28620069  77.66724205],[ 1.  0.  1.  0.  0.],2.0,6.31809127418,1475450313.38
111.666666667,[ 40.74905134  77.29834549],[ 1.  0.  1.  0.  0.],2.33333333333,6.35718339053,1475450313.72
112.0,[ 41.20573066  76.93436755],[ 1.  0.  1.  0.  0.],2.66666666667,6.39575427865,1475450314.25
112.333333333,[ 41.65632092  76.57524265],[ 1.  0.  1.  0.  0.],3.0,6.43381088827,1475450314.38
112.666666667,[ 42.1009033   76.22090608],[ 1.  0.  1.  0.  0.],3.33333333333,6.47136007643,1475450314.72
113.0,[ 42.53955793  75.871294  ],[ 1.  0.  1.  0.  0.],3.66666666667,6.50840860874,1475450315.25
113.333333333,[ 42.97236382  75.52634341],[ 1.  0.  1.  0.  0.],4.0,6.54496316063,1475450315.38
113.666666667,[ 43.39939897  75.18599217],[ 1.  0.  1.  0.  0.],4.33333333333,6.58103031848,1475450315.71
114.0,[ 43.82074032  74.85017894],[ 1.  0.  1.  0.  0.],4.66666666667,6.6166165809,1475450316.25
114.333333333,[ 44.23646378  74.51884322],[ 1.  0.  1.  0.  0.],5.0,6.65172835983,1475450316.38
114.666666667,[ 44.64664426  74.19192531],[ 1.  0.  1.  0.  0.],5.33333333333,6.6863719817,1475450316.71
115.0,[ 45.05135567  73.86936631],[ 1.  0.  1.  0.  0.],5.66666666667,6.72055368861,1475450317.25
115.333333333,[ 45.45067093  73.55110809],[ 1.  0.  1.  0.  0.],6.0,6.75427963942,1475450317.38
115.666666667,[ 45.84466199  73.23709331],[ 1.  0.  1.  0.  0.],6.33333333333,6.7875559109,1475450317.71
116.0,[ 46.23339983  72.9272654 ],[ 1.  0.  1.  0.  0.],6.66666666667,6.82038849875,1475450318.25
116.333333333,[ 45.61695449  73.95490186],[ 1.  0.  1.  1.  0.],7.0,6.85278331877,1475450318.38
116.666666667,[ 45.00872843  74.96883651],[ 1.  0.  1.  1.  0.],7.33333333333,6.80141287452,1475450318.71
117.0,[ 44.40861206  75.96925202],[ 1.  0.  1.  1.  0.],7.66666666667,6.75072736953,1475450319.27
117.333333333,[ 43.81649723  76.95632866],[ 1.  0.  1.  1.  0.],8.0,6.70071767127,1475450319.38
117.666666667,[ 43.23227726  77.93024428],[ 1.  0.  1.  1.  0.],8.33333333333,6.65137476898,1475450319.71
118.0,[ 42.6558469   78.89117435],[ 1.  0.  1.  1.  0.],8.66666666667,6.60268977206,1475450320.27
118.333333333,[ 42.08710228  79.83929203],[ 1.  0.  1.  1.  0.],9.0,6.55465390844,1475450320.38
118.666666667,[ 41.52594091  80.77476813],[ 1.  0.  1.  1.  0.],9.33333333333,6.50725852299,1475450320.71
119.0,[ 39.9722617   80.69777123],[ 0.  0.  0.  1.  1.],9.66666666667,6.46049507602,1475450321.28
119.333333333,[ 40.43929821  79.95513428],[ 1.  0.  1.  0.  1.],0.0,6.33102180834,1475450321.38
119.666666667,[ 40.90010757  79.55573249],[ 1.  0.  1.  0.  0.],0.333333333333,6.36994151756,1475450321.72
120.0,[ 41.3547728   79.16165605],[ 1.  0.  1.  0.  0.],0.666666666667,6.40834229732,1475450322.25
120.333333333,[ 41.80337583  78.77283397],[ 1.  0.  1.  0.  0.],1.0,6.44623106669,1475450322.38
120.666666667,[ 42.24599749  78.38919619],[ 1.  0.  1.  0.  0.],1.33333333333,6.48361465247,1475450322.72
121.0,[ 42.68271752  78.01067357],[ 1.  0.  1.  0.  0.],1.66666666667,6.52049979044,1475450323.24
121.333333333,[ 43.11361462  77.63719792],[ 1.  0.  1.  0.  0.],2.0,6.55689312657,1475450323.38
121.666666667,[ 43.53876642  77.26870195],[ 1.  0.  1.  0.  0.],2.33333333333,6.59280121821,1475450323.71
122.0,[ 43.95824954  76.90511926],[ 1.  0.  1.  0.  0.],2.66666666667,6.6282305353,1475450324.25
122.333333333,[ 44.37213954  76.54638433],[ 1.  0.  1.  0.  0.],3.0,6.6631874615,1475450324.38
122.666666667,[ 44.78051102  76.19243254],[ 1.  0.  1.  0.  0.],3.33333333333,6.69767829534,1475450324.71
123.0,[ 45.18343754  75.84320011],[ 1.  0.  1.  0.  0.],3.66666666667,6.73170925141,1475450325.25
123.333333333,[ 45.5809917   75.49862411],[ 1.  0.  1.  0.  0.],4.0,6.76528646139,1475450325.38
123.666666667,[ 45.97324515  75.15864245],[ 1.  0.  1.  0.  0.],4.33333333333,6.79841597524,1475450325.71
124.0,[ 46.36026854  74.82319389],[ 1.  0.  1.  0.  0.],4.66666666667,6.83110376223,1475450326.24
124.333333333,[ 46.74213163  74.49221797],[ 1.  0.  1.  0.  0.],5.0,6.86335571207,1475450326.38
124.666666667,[ 47.11890321  74.16565506],[ 1.  0.  1.  0.  0.],5.33333333333,6.89517763591,1475450326.71
125.0,[ 47.49065117  73.84344633],[ 1.  0.  1.  0.  0.],5.66666666667,6.92657526743,1475450327.26
125.333333333,[ 47.85744248  73.52553371],[ 1.  0.  1.  0.  0.],6.0,6.95755426386,1475450327.38
125.666666667,[ 48.21934325  73.21185993],[ 1.  0.  1.  0.  0.],6.33333333333,6.98812020701,1475450327.71
126.0,[ 48.57641867  72.90236846],[ 1.  0.  1.  0.  0.],6.66666666667,7.01827860425,1475450328.26
126.333333333,[ 48.92873309  72.59700355],[ 1.  0.  1.  0.  0.],7.0,7.04803488953,1475450328.38
126.666666667,[ 48.27634998  73.6290435 ],[ 1.  0.  1.  1.  0.],7.33333333333,7.07739442434,1475450328.72
127.0,[ 47.63266532  74.64732292],[ 1.  0.  1.  1.  0.],7.66666666667,7.02302916534,1475450329.27
127.333333333,[ 46.99756311  75.65202528],[ 1.  0.  1.  1.  0.],8.0,6.96938877647,1475450329.38
127.666666667,[ 46.37092894  76.64333161],[ 1.  0.  1.  1.  0.],8.33333333333,6.91646359279,1475450329.72
128.0,[ 45.75264989  77.62142052],[ 1.  0.  1.  1.  0.],8.66666666667,6.86424407822,1475450330.28
128.333333333,[ 45.14261455  78.58646825],[ 1.  0.  1.  1.  0.],9.0,6.81272082384,1475450330.38
128.666666667,[ 44.54071303  79.53864867],[ 1.  0.  1.  1.  0.],9.33333333333,6.76188454619,1475450330.71
129.0,[ 43.94683685  80.47813336],[ 1.  0.  1.  1.  0.],9.66666666667,6.71172608557,1475450331.29
129.333333333,[ 43.36087903  81.40509158],[ 1.  0.  1.  1.  0.],10.0,6.66223640443,1475450331.38
129.666666667,[ 41.78273397  81.31969036],[ 0.  0.  0.  1.  1.],10.3333333333,6.61340658571,1475450331.71
130.0,[ 41.22563086  80.23542782],[ 0.  0.  0.  0.  0.],0.0,6.4818944979,1475450332.28
130.333333333,[ 41.67595578  79.49895545],[ 1.  0.  1.  0.  1.],0.0,6.43546923792,1475450332.38
130.666666667,[ 42.12027637  79.10563604],[ 1.  0.  1.  0.  0.],0.333333333333,6.47299631475,1475450332.71
131.0,[ 42.55867268  78.7175609 ],[ 1.  0.  1.  0.  0.],0.666666666667,6.51002303056,1475450333.25
131.333333333,[ 42.99122371  78.33466008],[ 1.  0.  1.  0.  0.],1.0,6.54655605681,1475450333.38
131.666666667,[ 43.4180074   77.95686462],[ 1.  0.  1.  0.  0.],1.33333333333,6.58260197606,1475450333.72
132.0,[ 43.83910063  77.58410642],[ 1.  0.  1.  0.  0.],1.66666666667,6.61816728304,1475450334.25
132.333333333,[ 44.25457929  77.21631834],[ 1.  0.  1.  0.  0.],2.0,6.65325838594,1475450334.38
132.666666667,[ 44.66451823  76.85343409],[ 1.  0.  1.  0.  0.],2.33333333333,6.68788160746,1475450334.71
133.0,[ 45.73565799  75.82872164],[ 1.  1.  0.  0.  0.],2.66666666667,6.72204318602,1475450335.27
133.333333333,[ 46.12584922  75.48433868],[ 1.  0.  1.  0.  0.],3.0,6.81130483243,1475450335.38
133.666666667,[ 46.51083789  75.1445475 ],[ 1.  0.  1.  0.  0.],3.33333333333,6.843820768,1475450335.72
134.0,[ 46.89069339  74.80928687],[ 1.  0.  1.  0.  0.],3.66666666667,6.87590315776,1475450336.24
134.333333333,[ 47.26548414  74.47849637],[ 1.  0.  1.  0.  0.],4.0,6.90755778232,1475450336.38
134.666666667,[ 47.63527769  74.15211642],[ 1.  0.  1.  0.  0.],4.33333333333,6.93879034523,1475450336.72
135.0,[ 48.00014065  73.8300882 ],[ 1.  0.  1.  0.  0.],4.66666666667,6.96960647396,1475450337.25
135.333333333,[ 48.36013878  73.51235369],[ 1.  0.  1.  0.  0.],5.0,7.00001172097,1475450337.38
135.666666667,[ 48.71533693  73.19885565],[ 1.  0.  1.  0.  0.],5.33333333333,7.03001156469,1475450337.72
136.0,[ 49.0657991   72.88953757],[ 1.  0.  1.  0.  0.],5.66666666667,7.05961141049,1475450338.25
136.333333333,[ 49.41158845  72.58434374],[ 1.  0.  1.  0.  0.],6.0,7.08881659169,1475450338.38
136.666666667,[ 49.75276727  72.28321915],[ 1.  0.  1.  0.  0.],6.33333333333,7.11763237047,1475450338.71
137.0,[ 50.08939704  71.98610956],[ 1.  0.  1.  0.  0.],6.66666666667,7.14606393886,1475450339.25
137.333333333,[ 50.42153841  71.69296144],[ 1.  0.  1.  0.  0.],7.0,7.17411641967,1475450339.38
137.666666667,[ 49.74925123  72.73705528],[ 1.  0.  1.  1.  0.],7.33333333333,7.20179486741,1475450339.72
138.0,[ 49.08592788  73.76722788],[ 1.  0.  1.  1.  0.],7.66666666667,7.14577093585,1475450340.25
138.333333333,[ 48.43144884  74.78366484],[ 1.  0.  1.  1.  0.],8.0,7.09049399004,1475450340.38
138.666666667,[ 47.78569619  75.78654931],[ 1.  0.  1.  1.  0.],8.33333333333,7.03595407017,1475450340.72
139.0,[ 47.14855357  76.77606199],[ 1.  0.  1.  1.  0.],8.66666666667,6.98214134923,1475450341.27
139.333333333,[ 46.51990619  77.75238116],[ 1.  0.  1.  1.  0.],9.0,6.92904613124,1475450341.38
139.666666667,[ 45.89964078  78.71568274],[ 1.  0.  1.  1.  0.],9.33333333333,6.87665884949,1475450341.71
140.0,[ 45.28764557  79.66614031],[ 1.  0.  1.  1.  0.],9.66666666667,6.82497006483,1475450342.27
140.333333333,[ 45.35047696  79.93725844],[ 1.  1.  0.  1.  0.],10.0,6.77397046397,1475450342.38
140.666666667,[ 43.74580393  79.87142832],[ 0.  0.  0.  1.  1.],10.3333333333,6.77920641334,1475450342.72
141.0,[ 44.16252655  79.13980928],[ 1.  0.  1.  0.  1.],0.0,6.64548366116,1475450343.29
141.333333333,[ 44.57369286  78.75127849],[ 1.  0.  1.  0.  0.],0.333333333333,6.68021054568,1475450343.38
141.666666667,[ 43.97937696  77.36792811],[ 0.  0.  0.  0.  1.],0.666666666667,6.71447440507,1475450343.72
142.0,[ 44.39298526  76.66968907],[ 1.  0.  1.  0.  1.],0.0,6.66494807967,1475450344.25
142.333333333,[ 44.80107879  76.31409321],[ 1.  0.  1.  0.  0.],0.333333333333,6.69941543861,1475450344.38
142.666666667,[ 45.20373108  75.96323864],[ 1.  0.  1.  0.  0.],0.666666666667,6.73342323276,1475450344.71
143.0,[ 45.60101466  75.61706212],[ 1.  0.  1.  0.  0.],1.0,6.76697758965,1475450345.25
143.333333333,[ 45.99300113  75.27550129],[ 1.  0.  1.  0.  0.],1.33333333333,6.80008455513,1475450345.38
143.666666667,[ 46.37976112  74.93849461],[ 1.  0.  1.  0.  0.],1.66666666667,6.83275009439,1475450345.71
144.0,[ 46.7613643   74.60598135],[ 1.  0.  1.  0.  0.],2.0,6.86498009313,1475450346.25
144.333333333,[ 47.13787945  74.2779016 ],[ 1.  0.  1.  0.  0.],2.33333333333,6.89678035856,1475450346.38
144.666666667,[ 47.50937439  73.95419624],[ 1.  0.  1.  0.  0.],2.66666666667,6.92815662044,1475450346.71
145.0,[ 47.87591606  73.63480696],[ 1.  0.  1.  0.  0.],3.0,6.95911453217,1475450347.25
145.333333333,[ 48.23757051  73.3196762 ],[ 1.  0.  1.  0.  0.],3.33333333333,6.98965967174,1475450347.38
145.666666667,[ 48.59440291  73.00874718],[ 1.  0.  1.  0.  0.],3.66666666667,7.01979754278,1475450347.71
146.0,[ 48.94647753  72.70196389],[ 1.  0.  1.  0.  0.],4.0,7.04953357555,1475450348.25
146.333333333,[ 49.29385783  72.39927104],[ 1.  0.  1.  0.  0.],4.33333333333,7.07887312787,1475450348.38
146.666666667,[ 49.6366064   72.10061409],[ 1.  0.  1.  0.  0.],4.66666666667,7.10782148617,1475450348.71
147.0,[ 49.97478498  71.80593924],[ 1.  0.  1.  0.  0.],5.0,7.13638386635,1475450349.25
147.333333333,[ 50.30845451  71.51519338],[ 1.  0.  1.  0.  0.],5.33333333333,7.1645654148,1475450349.38
147.666666667,[ 50.63767512  71.22832413],[ 1.  0.  1.  0.  0.],5.66666666667,7.19237120927,1475450349.72
148.0,[ 50.96250612  70.94527981],[ 1.  0.  1.  0.  0.],6.0,7.21980625981,1475450350.25
148.333333333,[ 51.28300603  70.66600941],[ 1.  0.  1.  0.  0.],6.33333333333,7.24687550968,1475450350.38
148.666666667,[ 51.59923262  70.39046262],[ 1.  0.  1.  0.  0.],6.66666666667,7.27358383622,1475450350.72
149.0,[ 51.91124285  70.11858979],[ 1.  0.  1.  0.  0.],7.0,7.29993605174,1475450351.26
149.333333333,[ 51.21909295  71.18367526],[ 1.  0.  1.  1.  0.],7.33333333333,7.32593690438,1475450351.38
149.666666667,[ 50.53617171  72.23455959],[ 1.  0.  1.  1.  0.],7.66666666667,7.26825774566,1475450351.72
150.0,[ 49.86235609  73.27143213],[ 1.  0.  1.  1.  0.],8.0,7.21134764238,1475450352.25
150.333333333,[ 49.19752467  74.2944797 ],[ 1.  0.  1.  1.  0.],8.33333333333,7.15519634048,1475450352.38
150.666666667,[ 48.54155768  75.30388663],[ 1.  0.  1.  1.  0.],8.66666666667,7.09979372261,1475450352.71
151.0,[ 47.89433691  76.29983481],[ 1.  0.  1.  1.  0.],9.0,7.04512980631,1475450353.27
151.333333333,[ 47.25574575  77.28250368],[ 1.  0.  1.  1.  0.],9.33333333333,6.99119474222,1475450353.38
151.666666667,[ 46.62566914  78.2520703 ],[ 1.  0.  1.  1.  0.],9.66666666667,6.93797881233,1475450353.72
152.0,[ 46.00399355  79.20870936],[ 1.  0.  1.  1.  0.],10.0,6.88547242816,1475450354.32
152.333333333,[ 45.39060697  80.15259324],[ 1.  0.  1.  1.  0.],10.3333333333,6.83366612912,1475450354.38
152.666666667,[ 44.78539888  81.08389199],[ 1.  0.  1.  1.  0.],10.6666666667,6.78255058073,1475450354.71
153.0,[ 43.18826022  81.00277343],[ 0.  0.  0.  1.  1.],11.0,6.73211657299,1475450355.29
153.333333333,[ 43.61241675  80.25606979],[ 1.  0.  1.  0.  1.],0.0,6.59902168535,1475450355.38
153.666666667,[ 44.03091786  79.85265552],[ 1.  0.  1.  0.  0.],0.333333333333,6.63436806288,1475450355.71
154.0,[ 44.44383896  79.45462012],[ 1.  0.  1.  0.  0.],0.666666666667,6.66924315537,1475450356.27
154.333333333,[ 44.85125444  79.06189185],[ 1.  0.  1.  0.  0.],1.0,6.70365324663,1475450356.38
154.666666667,[ 45.25323771  78.67439996],[ 1.  0.  1.  0.  0.],1.33333333333,6.73760453668,1475450356.72
155.0,[ 45.64986121  78.29207463],[ 1.  0.  1.  0.  0.],1.66666666667,6.77110314286,1475450357.26
155.333333333,[ 46.0411964   77.91484696],[ 1.  0.  1.  0.  0.],2.0,6.80415510095,1475450357.38
155.666666667,[ 46.42731378  77.542649  ],[ 1.  0.  1.  0.  0.],2.33333333333,6.83676636627,1475450357.71
156.0,[ 46.80828293  77.17541368],[ 1.  0.  1.  0.  0.],2.66666666667,6.86894281472,1475450358.29
156.333333333,[ 47.18417249  76.81307483],[ 1.  0.  1.  0.  0.],3.0,6.90069024386,1475450358.38
156.666666667,[ 47.55505019  76.45556717],[ 1.  0.  1.  0.  0.],3.33333333333,6.93201437394,1475450358.72
157.0,[ 47.92098285  76.10282627],[ 1.  0.  1.  0.  0.],3.66666666667,6.96292084896,1475450359.25
157.333333333,[ 48.28203641  75.75478859],[ 1.  0.  1.  0.  0.],4.0,6.99341523764,1475450359.38
157.666666667,[ 48.63827593  75.41139141],[ 1.  0.  1.  0.  0.],4.33333333333,7.02350303447,1475450359.72
158.0,[ 48.98976558  75.07257286],[ 1.  0.  1.  0.  0.],4.66666666667,7.05318966068,1475450360.25
158.333333333,[ 49.33656871  74.73827189],[ 1.  0.  1.  0.  0.],5.0,7.0824804652,1475450360.38
158.666666667,[ 49.67874779  74.40842826],[ 1.  0.  1.  0.  0.],5.33333333333,7.11138072566,1475450360.71
159.0,[ 50.01636449  74.08298255],[ 1.  0.  1.  0.  0.],5.66666666667,7.13989564932,1475450361.25
159.333333333,[ 50.34947963  73.76187612],[ 1.  0.  1.  0.  0.],6.0,7.168030374,1475450361.38
159.666666667,[ 50.67815323  73.4450511 ],[ 1.  0.  1.  0.  0.],6.33333333333,7.19578996901,1475450361.71
160.0,[ 51.00244452  73.13245042],[ 1.  0.  1.  0.  0.],6.66666666667,7.22317943609,1475450362.28
160.333333333,[ 51.32241193  72.82401775],[ 1.  0.  1.  0.  0.],7.0,7.25020371028,1475450362.38
160.666666667,[ 50.6381131   73.85303085],[ 1.  0.  1.  1.  0.],7.33333333333,7.27686766081,1475450362.71
161.0,[ 49.96293826  74.86832377],[ 1.  0.  1.  1.  0.],7.66666666667,7.21984275866,1475450363.29
161.333333333,[ 49.29676575  75.87007945],[ 1.  0.  1.  1.  0.],8.0,7.16357818855,1475450363.38
161.666666667,[ 48.63947554  76.85847839],[ 1.  0.  1.  1.  0.],8.33333333333,7.1080638127,1475450363.71
162.0,[ 47.9909492   77.83369868],[ 1.  0.  1.  1.  0.],8.66666666667,7.05328962853,1475450364.29
162.333333333,[ 47.35106988  78.79591603],[ 1.  0.  1.  1.  0.],9.0,6.99924576682,1475450364.38
162.666666667,[ 46.71972228  79.74530382],[ 1.  0.  1.  1.  0.],9.33333333333,6.94592248992,1475450364.71
163.0,[ 46.09679265  80.6820331 ],[ 1.  0.  1.  1.  0.],9.66666666667,6.89331019006,1475450365.3
163.333333333,[ 45.48216875  81.60627266],[ 1.  0.  1.  1.  0.],10.0,6.84139938752,1475450365.38
163.666666667,[ 43.87573983  81.51818902],[ 0.  0.  0.  1.  1.],10.3333333333,6.79018072902,1475450365.72
164.0,[ 43.29072997  80.43127984],[ 0.  0.  0.  0.  0.],0.0,6.65631165264,1475450366.3
164.333333333,[ 43.71352023  79.6921961 ],[ 1.  0.  1.  0.  1.],0.0,6.6075608306,1475450366.38
164.666666667,[ 44.1306733   79.29630016],[ 1.  0.  1.  0.  0.],0.333333333333,6.64279335286,1475450366.71
165.0,[ 45.20893099  78.23901615],[ 1.  1.  0.  0.  0.],0.666666666667,6.67755610816,1475450367.28
165.333333333,[ 45.60614524  77.86249594],[ 1.  0.  1.  0.  0.],1.0,6.7674109156,1475450367.38
165.666666667,[ 45.9980633   77.49099599],[ 1.  0.  1.  0.  0.],1.33333333333,6.80051210339,1475450367.72
166.0,[ 46.38475579  77.12444938],[ 1.  0.  1.  0.  0.],1.66666666667,6.83317194202,1475450368.26
166.333333333,[ 46.76629238  76.76279005],[ 1.  0.  1.  0.  0.],2.0,6.86539631612,1475450368.38
166.666666667,[ 47.14274182  76.40595285],[ 1.  0.  1.  0.  0.],2.33333333333,6.89719103191,1475450368.71
167.0,[ 47.51417193  76.05387348],[ 1.  0.  1.  0.  0.],2.66666666667,6.92856181815,1475450369.25
167.333333333,[ 47.88064963  75.7064885 ],[ 1.  0.  1.  0.  0.],3.0,6.95951432724,1475450369.38
167.666666667,[ 48.24224097  75.36373532],[ 1.  0.  1.  0.  0.],3.33333333333,6.99005413621,1475450369.72
168.0,[ 48.59901109  75.02555218],[ 1.  0.  1.  0.  0.],3.66666666667,7.02018674773,1475450370.26
168.333333333,[ 48.95102428  74.69187816],[ 1.  0.  1.  0.  0.],4.0,7.04991759109,1475450370.38
168.666666667,[ 49.29834395  74.36265311],[ 1.  0.  1.  0.  0.],4.33333333333,7.07925202321,1475450370.71
169.0,[ 49.6410327   74.03781774],[ 1.  0.  1.  0.  0.],4.66666666667,7.10819532957,1475450371.27
169.333333333,[ 49.97915227  73.7173135 ],[ 1.  0.  1.  0.  0.],5.0,7.13675272517,1475450371.38
169.666666667,[ 50.31276357  73.40108266],[ 1.  0.  1.  0.  0.],5.33333333333,7.1649293555,1475450371.71
170.0,[ 50.64192672  73.08906822],[ 1.  0.  1.  0.  0.],5.66666666667,7.19273029743,1475450372.26
170.333333333,[ 50.96670103  72.78121398],[ 1.  0.  1.  0.  0.],6.0,7.22016056013,1475450372.38
170.666666667,[ 51.28714502  72.47746446],[ 1.  0.  1.  0.  0.],6.33333333333,7.247225086,1475450372.71
171.0,[ 52.26998308  71.51109826],[ 1.  1.  0.  0.  0.],6.66666666667,7.27392875152,1475450373.24
171.333333333,[ 52.57304998  71.22428362],[ 1.  0.  1.  0.  0.],7.0,7.35583192372,1475450373.38
171.666666667,[ 52.87207598  70.94129317],[ 1.  0.  1.  0.  0.],7.33333333333,7.38108749807,1475450373.72
172.0,[ 52.16711496  71.99540926],[ 1.  0.  1.  1.  0.],7.66666666667,7.40600633143,1475450374.25
172.333333333,[ 51.47155343  73.03547047],[ 1.  0.  1.  1.  0.],8.0,7.34725958034,1475450374.38
172.666666667,[ 50.78526605  74.0616642 ],[ 1.  0.  1.  1.  0.],8.33333333333,7.28929611927,1475450374.71
173.0,[ 50.10812917  75.07417534],[ 1.  0.  1.  1.  0.],8.66666666667,7.23210550435,1475450375.26
173.333333333,[ 49.44002078  76.07318634],[ 1.  0.  1.  1.  0.],9.0,7.17567743096,1475450375.38
173.666666667,[ 49.44748717  76.39221052],[ 1.  1.  0.  1.  0.],9.33333333333,7.12000173188,1475450375.71
174.0,[ 49.45485401  76.70698105],[ 1.  1.  0.  1.  0.],9.66666666667,7.12062393101,1475450376.26
174.333333333,[ 49.46212262  77.01755463],[ 1.  1.  0.  1.  0.],10.0,7.12123783415,1475450376.38
174.666666667,[ 49.46929432  77.32398724],[ 1.  1.  0.  1.  0.],10.3333333333,7.12184355192,1475450376.71
175.0,[ 49.4763704   77.62633408],[ 1.  1.  0.  1.  0.],10.6666666667,7.12244119345,1475450377.26
175.333333333,[ 48.81668546  78.59131629],[ 1.  0.  1.  1.  0.],11.0,7.12303086642,1475450377.38
175.666666667,[ 48.83246299  78.8767654 ],[ 1.  1.  0.  1.  0.],11.3333333333,7.06805712154,1475450377.71
176.0,[ 48.84803015  79.15840853],[ 1.  1.  0.  1.  0.],11.6666666667,7.06937191547,1475450378.27
176.333333333,[ 48.86338974  79.43629642],[ 1.  1.  0.  1.  0.],12.0,7.07066917882,1475450378.38
176.666666667,[ 48.87854455  79.71047913],[ 1.  1.  0.  1.  0.],12.3333333333,7.07194914533,1475450378.71
177.0,[ 48.89349729  79.98100608],[ 1.  1.  0.  1.  0.],12.6666666667,7.07321204561,1475450379.28
177.333333333,[ 48.90825066  80.247926  ],[ 1.  1.  0.  1.  0.],13.0,7.07445810722,1475450379.38
177.666666667,[ 47.92280731  80.84462032],[ 0.  1.  1.  1.  1.],13.3333333333,7.07568755468,1475450379.71
178.0,[ 48.95050322  79.43335871],[ 1.  1.  0.  0.  1.],0.0,6.99356727618,1475450380.27
178.333333333,[ 48.96449651  78.7075806 ],[ 0.  1.  1.  0.  1.],0.333333333333,7.07920860138,1475450380.38
178.666666667,[ 48.97830322  78.32481286],[ 0.  1.  1.  0.  0.],0.0,7.08037470892,1475450380.72
179.0,[ 48.99192584  77.94714868],[ 0.  1.  1.  0.  0.],0.0,7.08152526836,1475450381.25
179.333333333,[ 49.00536683  77.57452004],[ 0.  1.  1.  0.  0.],0.0,7.082660487,1475450381.38
179.666666667,[ 49.01862861  77.20685977],[ 0.  1.  1.  0.  0.],0.0,7.0837805694,1475450381.72
