./simulation results/2016-10-2_18-21-23.txt

Comfortable Program

simTime, model.x, model.u, model.d, model.z, systemTime

0.0,[ 1.          0.33333333],[ 1.  0.  1.  0.  1.],0.0,3.0,1475450484.08
0.333333333333,[ 1.98666667  0.99555556],[ 1.  0.  1.  0.  0.],0.333333333333,3.08333333333,1475450484.14
0.666666666667,[ 2.96017778  1.64894815],[ 1.  0.  1.  0.  0.],0.666666666667,3.16555555556,1475450484.48
1.0,[ 3.92070874  2.29362884],[ 1.  0.  1.  0.  0.],1.0,3.24668148148,1475450485.05
1.33333333333,[ 4.86843262  2.92971379],[ 1.  0.  1.  0.  0.],1.33333333333,3.3267257284,1475450485.14
1.66666666667,[ 5.80352019  3.5573176 ],[ 1.  0.  1.  0.  0.],1.66666666667,3.40570271868,1475450485.48
2.0,[ 6.72613992  4.17655337],[ 1.  0.  1.  0.  0.],2.0,3.48362668243,1475450486.01
2.33333333333,[ 7.63645805  4.78753266],[ 1.  0.  1.  0.  0.],2.33333333333,3.56051166,1475450486.14
2.66666666667,[ 8.53463861  5.39036556],[ 1.  0.  1.  0.  0.],2.66666666667,3.63637150453,1475450486.48
3.0,[ 10.0875101    5.31849402],[ 1.  1.  0.  0.  0.],3.0,3.71121988447,1475450487.01
3.33333333333,[ 11.61967663   5.24758076],[ 1.  1.  0.  0.  0.],3.33333333333,3.84062584157,1475450487.14
3.66666666667,[ 13.13141428   5.17761302],[ 1.  1.  0.  0.  0.],3.66666666667,3.9683063859,1475450487.48
4.0,[ 14.62299542   5.10857818],[ 1.  1.  0.  0.  0.],4.0,4.09428452298,1475450488.02
4.33333333333,[ 15.09468881   6.37379714],[ 1.  1.  0.  1.  0.],4.33333333333,4.21858295156,1475450488.14
4.66666666667,[ 15.56009296   7.62214651],[ 1.  1.  0.  1.  0.],4.66666666667,4.25789073443,1475450488.48
5.0,[ 15.35262506   9.52051789],[ 1.  0.  1.  1.  0.],5.0,4.29667441353,1475450489.01
5.33333333333,[ 15.14792339  11.39357765],[ 1.  0.  1.  1.  0.],5.33333333333,4.27938542135,1475450489.14
5.66666666667,[ 14.94595108  13.24166328],[ 1.  0.  1.  1.  0.],5.66666666667,4.26232694906,1475450489.47
6.0,[ 14.74667173  15.06510777],[ 1.  0.  1.  1.  0.],6.0,4.24549592308,1475450490.01
6.33333333333,[ 14.55004944  16.86423967],[ 1.  0.  1.  1.  0.],6.33333333333,4.22888931077,1475450490.14
6.66666666667,[ 15.02271545  17.97271647],[ 1.  1.  0.  1.  0.],6.66666666667,4.21250411996,1475450490.48
7.0,[ 15.48907924  19.06641358],[ 1.  1.  0.  1.  0.],7.0,4.25189295391,1475450491.01
7.33333333333,[ 15.94922485  20.14552807],[ 1.  1.  0.  1.  0.],7.33333333333,4.29075660342,1475450491.14
7.66666666667,[ 16.40323519  21.21025436],[ 1.  1.  0.  1.  0.],7.66666666667,4.32910207093,1475450491.48
8.0,[ 16.85119205  22.2607843 ],[ 1.  1.  0.  1.  0.],8.0,4.36693626554,1475450492.01
8.33333333333,[ 17.29317616  23.29730718],[ 1.  1.  0.  1.  0.],8.33333333333,4.40426600422,1475450492.14
8.66666666667,[ 17.72926714  24.32000975],[ 1.  1.  0.  1.  0.],8.66666666667,4.44109801305,1475450492.48
9.0,[ 18.15954358  25.32907629],[ 1.  1.  0.  1.  0.],9.0,4.47743892843,1475450493.01
9.33333333333,[ 18.584083   26.3246886],[ 1.  1.  0.  1.  0.],9.33333333333,4.51329529828,1475450493.14
9.66666666667,[ 18.33629522  27.97369276],[ 1.  0.  1.  1.  0.],9.66666666667,4.54867358319,1475450493.48
10.0,[ 18.09181129  29.60071019],[ 1.  0.  1.  1.  0.],10.0,4.52802460208,1475450494.02
10.3333333333,[ 17.85058714  31.20603405],[ 1.  0.  1.  1.  0.],10.3333333333,4.50765094072,1475450494.14
10.6666666667,[ 17.61257931  32.7899536 ],[ 1.  0.  1.  1.  0.],10.6666666667,4.48754892818,1475450494.48
11.0,[ 17.37774492  34.35275421],[ 1.  0.  1.  1.  0.],11.0,4.46771494247,1475450495.01
11.3333333333,[ 17.14604165  35.89471749],[ 1.  0.  1.  1.  0.],11.3333333333,4.4481454099,1475450495.14
11.6666666667,[ 16.91742776  37.41612126],[ 1.  0.  1.  1.  0.],11.6666666667,4.42883680443,1475450495.48
12.0,[ 17.35852873  38.25057297],[ 1.  1.  0.  1.  0.],12.0,4.40978564704,1475450496.01
12.3333333333,[ 17.79374834  39.07389867],[ 1.  1.  0.  1.  0.],12.3333333333,4.44654406064,1475450496.14
12.6666666667,[ 18.22316503  39.88624669],[ 1.  1.  0.  1.  0.],12.6666666667,4.48281236205,1475450496.48
13.0,[ 18.64685617  40.6877634 ],[ 1.  1.  0.  1.  0.],13.0,4.51859708611,1475450497.02
13.3333333333,[ 19.06489808  41.47859322],[ 1.  1.  0.  1.  0.],13.3333333333,4.55390468052,1475450497.14
13.6666666667,[ 18.81069944  42.92554531],[ 1.  0.  1.  1.  0.],13.6666666667,4.588741507,1475450497.48
14.0,[ 18.55989012  44.3532047 ],[ 1.  0.  1.  1.  0.],14.0,4.56755828691,1475450498.01
14.3333333333,[ 18.31242492  45.76182864],[ 1.  0.  1.  1.  0.],14.3333333333,4.54665750975,1475450498.14
14.6666666667,[ 18.06825925  47.15167093],[ 1.  0.  1.  1.  0.],14.6666666667,4.52603540962,1475450498.48
15.0,[ 17.82734913  48.52298198],[ 1.  0.  1.  1.  0.],15.0,4.50568827082,1475450499.01
15.3333333333,[ 17.58965114  49.87600889],[ 1.  0.  1.  1.  0.],15.3333333333,4.48561242721,1475450499.14
15.6666666667,[ 17.35512246  51.21099544],[ 1.  0.  1.  1.  0.],15.6666666667,4.46580426152,1475450499.48
16.0,[ 17.79038749  51.8615155 ],[ 1.  1.  0.  1.  0.],16.0,4.4462602047,1475450500.01
16.3333333333,[ 18.21984899  52.50336196],[ 1.  1.  0.  1.  0.],16.3333333333,4.48253229086,1475450500.14
16.6666666667,[ 18.64358434  53.13665046],[ 1.  1.  0.  1.  0.],16.6666666667,4.5183207492,1475450500.48
17.0,[ 19.06166988  53.76149512],[ 1.  1.  0.  1.  0.],17.0,4.5536320281,1475450501.02
17.3333333333,[ 19.47418095  54.37800852],[ 1.  1.  0.  1.  0.],17.3333333333,4.58847248995,1475450501.14
17.6666666667,[ 19.88119187  54.98630174],[ 1.  1.  0.  1.  0.],17.6666666667,4.6228484123,1475450501.48
18.0,[ 20.28277598  55.58648439],[ 1.  1.  0.  1.  0.],18.0,4.65676598903,1475450502.03
18.3333333333,[ 20.67900563  56.17866459],[ 1.  1.  0.  1.  0.],18.3333333333,4.6902313314,1475450502.14
18.6666666667,[ 21.06995222  56.76294907],[ 1.  1.  0.  1.  0.],18.6666666667,4.7232504692,1475450502.48
19.0,[ 20.78901953  58.00610975],[ 1.  0.  1.  1.  0.],19.0,4.75582935183,1475450503.01
19.3333333333,[ 20.5118326   59.23269495],[ 1.  0.  1.  1.  0.],19.3333333333,4.73241829381,1475450503.14
19.6666666667,[ 20.2383415   60.44292568],[ 1.  0.  1.  1.  0.],19.6666666667,4.70931938323,1475450503.48
20.0,[ 19.96849694  61.63702001],[ 1.  0.  1.  1.  0.],20.0,4.68652845812,1475450504.01
20.3333333333,[ 19.70225032  62.81519307],[ 1.  0.  1.  1.  0.],20.3333333333,4.66404141201,1475450504.14
20.6666666667,[ 19.43955365  63.97765717],[ 1.  0.  1.  1.  0.],20.6666666667,4.64185419318,1475450504.48
21.0,[ 19.1803596   65.12462174],[ 1.  0.  1.  1.  0.],21.0,4.61996280394,1475450505.01
21.3333333333,[ 18.92462147  66.25629345],[ 1.  0.  1.  1.  0.],21.3333333333,4.59836329989,1475450505.14
21.6666666667,[ 18.67229318  67.3728762 ],[ 1.  0.  1.  1.  0.],21.6666666667,4.57705178922,1475450505.48
22.0,[ 18.42332928  68.47457119],[ 1.  0.  1.  1.  0.],22.0,4.55602443203,1475450506.01
22.3333333333,[ 18.17768488  69.5615769 ],[ 1.  0.  1.  1.  0.],22.3333333333,4.5352774396,1475450506.14
22.6666666667,[ 18.60198242  69.96742254],[ 1.  1.  0.  1.  0.],22.6666666667,4.51480707374,1475450506.48
23.0,[ 19.02062265  70.36785691],[ 1.  1.  0.  1.  0.],23.0,4.55016520165,1475450507.01
23.3333333333,[ 19.43368102  70.76295215],[ 1.  1.  0.  1.  0.],23.3333333333,4.58505188785,1475450507.14
23.6666666667,[ 19.84123194  71.15277946],[ 1.  1.  0.  1.  0.],23.6666666667,4.61947341823,1475450507.48
24.0,[ 20.24334885  71.53740906],[ 1.  1.  0.  1.  0.],24.0,4.65343599488,1475450508.02
24.3333333333,[ 20.64010419  71.91691028],[ 1.  1.  0.  1.  0.],24.3333333333,4.68694573717,1475450508.14
24.6666666667,[ 21.03156947  72.29135147],[ 1.  1.  0.  1.  0.],24.6666666667,4.7200086829,1475450508.48
25.0,[ 21.41781521  72.66080012],[ 1.  1.  0.  1.  0.],25.0,4.75263078935,1475450509.01
25.3333333333,[ 21.79891101  73.02532278],[ 1.  1.  0.  1.  0.],25.3333333333,4.78481793438,1475450509.14
25.6666666667,[ 21.50825886  74.05165181],[ 1.  0.  1.  1.  0.],25.6666666667,4.81657591747,1475450509.48
26.0,[ 21.22148208  75.06429646],[ 1.  0.  1.  1.  0.],26.0,4.79235490524,1475450510.03
26.3333333333,[ 20.93852898  76.06343917],[ 1.  0.  1.  1.  0.],26.3333333333,4.76845683984,1475450510.14
26.6666666667,[ 20.6593486   77.04925998],[ 1.  0.  1.  1.  0.],26.6666666667,4.74487741531,1475450510.48
27.0,[ 20.38389062  78.02193652],[ 1.  0.  1.  1.  0.],27.0,4.7216123831,1475450511.03
27.3333333333,[ 20.11210541  78.98164403],[ 1.  0.  1.  1.  0.],27.3333333333,4.69865755133,1475450511.14
27.6666666667,[ 19.843944    79.92855544],[ 1.  0.  1.  1.  0.],27.6666666667,4.67600878398,1475450511.48
28.0,[ 19.57935808  80.86284137],[ 1.  0.  1.  1.  0.],28.0,4.65366200019,1475450512.04
28.3333333333,[ 18.31829997  80.78467015],[ 0.  0.  0.  1.  1.],28.3333333333,4.63161317352,1475450512.14
28.6666666667,[ 19.07405597  80.04087455],[ 1.  0.  1.  0.  1.],0.0,4.52652499787,1475450512.47
29.0,[ 19.81973523  79.64032955],[ 1.  0.  1.  0.  0.],0.333333333333,4.58950466457,1475450513.01
29.3333333333,[ 20.55547209  79.24512516],[ 1.  0.  1.  0.  0.],0.666666666667,4.65164460238,1475450513.14
29.6666666667,[ 21.9480658   78.18852349],[ 1.  1.  0.  0.  0.],1.0,4.71295600768,1475450513.48
30.0,[ 22.32209159  77.47934318],[ 0.  1.  1.  0.  1.],1.33333333333,4.82900548313,1475450514.02
30.3333333333,[ 22.69113037  77.11295194],[ 0.  1.  1.  0.  0.],0.0,4.86017429891,1475450514.14
30.6666666667,[ 23.05524863  76.75144591],[ 0.  1.  1.  0.  0.],0.0,4.89092753048,1475450514.48
31.0,[ 23.41451198  76.39475996],[ 0.  1.  1.  0.  0.],0.0,4.92127071896,1475450515.01
31.3333333333,[ 23.76898515  76.04282983],[ 0.  1.  1.  0.  0.],0.0,4.9512093316,1475450515.14
31.6666666667,[ 24.11873202  75.6955921 ],[ 0.  1.  1.  0.  0.],0.0,4.98074876273,1475450515.48
32.0,[ 24.46381559  75.35298421],[ 0.  1.  1.  0.  0.],0.0,5.00989433479,1475450516.01
32.3333333333,[ 24.80429805  75.01494442],[ 0.  1.  1.  0.  0.],0.0,5.03865129921,1475450516.14
32.6666666667,[ 25.14024074  74.68141182],[ 0.  1.  1.  0.  0.],0.0,5.06702483744,1475450516.48
33.0,[ 25.4717042   74.35232633],[ 0.  1.  1.  0.  0.],0.0,5.09502006183,1475450517.01
33.3333333333,[ 25.79874814  74.02762865],[ 0.  1.  1.  0.  0.],0.0,5.12264201656,1475450517.14
33.6666666667,[ 26.1214315   73.70726027],[ 0.  1.  1.  0.  0.],0.0,5.14989567857,1475450517.48
34.0,[ 26.43981241  73.39116346],[ 0.  1.  1.  0.  0.],0.0,5.17678595841,1475450518.02
34.3333333333,[ 26.75394825  73.07928128],[ 0.  1.  1.  0.  0.],0.0,5.20331770118,1475450518.14
34.6666666667,[ 26.39722894  72.10489087],[ 0.  0.  0.  0.  0.],0.0,5.22949568739,1475450518.48
35.0,[ 27.04526589  71.47682566],[ 1.  0.  1.  0.  1.],0.0,5.19976907823,1475450519.01
35.3333333333,[ 27.68466234  71.19046798],[ 1.  0.  1.  0.  0.],0.333333333333,5.25377215718,1475450519.14
35.6666666667,[ 28.31553351  70.90792841],[ 1.  0.  1.  0.  0.],0.666666666667,5.30705519509,1475450519.48
36.0,[ 28.93799306  70.62915603],[ 1.  0.  1.  0.  0.],1.0,5.35962779249,1475450520.01
36.3333333333,[ 29.55215316  70.35410061],[ 1.  0.  1.  0.  0.],1.33333333333,5.41149942192,1475450520.14
36.6666666667,[ 30.15812445  70.08271261],[ 1.  0.  1.  0.  0.],1.66666666667,5.46267942963,1475450520.48
37.0,[ 30.75601612  69.8149431 ],[ 1.  0.  1.  0.  0.],2.0,5.51317703723,1475450521.01
37.3333333333,[ 31.34593591  69.55074386],[ 1.  0.  1.  0.  0.],2.33333333333,5.5630013434,1475450521.14
37.6666666667,[ 31.92799009  69.29006728],[ 1.  0.  1.  0.  0.],2.66666666667,5.61216132549,1475450521.48
38.0,[ 32.50228356  69.03286638],[ 1.  0.  1.  0.  0.],3.0,5.66066584115,1475450522.01
38.3333333333,[ 33.73558645  68.11242816],[ 1.  1.  0.  0.  0.],3.33333333333,5.70852362993,1475450522.14
38.6666666667,[ 34.95244529  67.20426245],[ 1.  1.  0.  0.  0.],3.66666666667,5.81129887042,1475450522.48
39.0,[ 35.15307936  66.64153895],[ 0.  1.  1.  0.  1.],4.0,5.91270377437,1475450523.01
39.3333333333,[ 35.3510383   66.41965177],[ 0.  1.  1.  0.  0.],0.0,5.9294232796,1475450523.14
39.6666666667,[ 35.54635779  66.20072308],[ 0.  1.  1.  0.  0.],0.0,5.9459198581,1475450523.48
40.0,[ 35.73907302  65.98471344],[ 0.  1.  1.  0.  0.],0.0,5.96219648221,1475450524.01
40.3333333333,[ 35.92921871  65.77158392],[ 0.  1.  1.  0.  0.],0.0,5.97825608467,1475450524.14
40.6666666667,[ 36.11682913  65.56129614],[ 0.  1.  1.  0.  0.],0.0,5.9941015591,1475450524.48
41.0,[ 36.30193807  65.35381219],[ 0.  1.  1.  0.  0.],0.0,6.00973576053,1475450525.01
41.3333333333,[ 36.4845789   65.14909469],[ 0.  1.  1.  0.  0.],0.0,6.02516150595,1475450525.14
41.6666666667,[ 36.66478451  64.94710677],[ 0.  1.  1.  0.  0.],0.0,6.04038157476,1475450525.48
42.0,[ 36.84258738  64.74781201],[ 0.  1.  1.  0.  0.],0.0,6.05539870932,1475450526.01
42.3333333333,[ 37.01801955  64.55117452],[ 0.  1.  1.  0.  0.],0.0,6.07021561541,1475450526.14
42.6666666667,[ 37.19111263  64.35715885],[ 0.  1.  1.  0.  0.],0.0,6.08483496276,1475450526.48
43.0,[ 36.69523112  63.4990634 ],[ 0.  0.  0.  0.  0.],0.0,6.09925938548,1475450527.02
43.3333333333,[ 36.20596138  62.65240922],[ 0.  0.  0.  0.  0.],0.0,6.05793592701,1475450527.14
43.6666666667,[ 35.72321522  61.81704377],[ 0.  0.  0.  0.  0.],0.0,6.01716344798,1475450527.48
44.0,[ 36.24690569  61.32614985],[ 1.  0.  1.  0.  1.],0.0,5.97693460201,1475450528.01
44.3333333333,[ 36.76361361  61.17513452],[ 1.  0.  1.  0.  0.],0.333333333333,6.02057547398,1475450528.14
44.6666666667,[ 37.2734321   61.02613273],[ 1.  0.  1.  0.  0.],0.666666666667,6.06363446766,1475450528.47
45.0,[ 37.776453    60.87911762],[ 1.  0.  1.  0.  0.],1.0,6.10611934143,1475450529.01
45.3333333333,[ 38.93943363  60.06739606],[ 1.  1.  0.  0.  0.],1.33333333333,6.14803775021,1475450529.14
45.6666666667,[ 40.08690785  59.26649744],[ 1.  1.  0.  0.  0.],1.66666666667,6.24495280243,1475450529.48
46.0,[ 40.21908241  58.80961081],[ 0.  1.  1.  0.  1.],2.0,6.34057565395,1475450530.01
46.3333333333,[ 40.34949464  58.69214933],[ 0.  1.  1.  0.  0.],0.0,6.35159020079,1475450530.14
46.6666666667,[ 40.47816805  58.57625401],[ 0.  1.  1.  0.  0.],0.0,6.362457887,1475450530.48
47.0,[ 40.60512581  58.46190395],[ 0.  1.  1.  0.  0.],0.0,6.37318067073,1475450531.01
47.3333333333,[ 40.7303908   58.34907857],[ 0.  1.  1.  0.  0.],0.0,6.38376048401,1475450531.14
47.6666666667,[ 40.85398559  58.23775752],[ 0.  1.  1.  0.  0.],0.0,6.39419923311,1475450531.48
48.0,[ 40.97593245  58.12792075],[ 0.  1.  1.  0.  0.],0.0,6.40449879889,1475450532.01
48.3333333333,[ 41.09625335  58.01954848],[ 0.  1.  1.  0.  0.],0.0,6.41466103713,1475450532.14
48.6666666667,[ 41.21496997  57.91262116],[ 0.  1.  1.  0.  0.],0.0,6.42468777886,1475450532.48
49.0,[ 41.3321037   57.80711955],[ 0.  1.  1.  0.  0.],0.0,6.43458083069,1475450533.01
49.3333333333,[ 41.44767565  57.70302462],[ 0.  1.  1.  0.  0.],0.0,6.44434197517,1475450533.14
49.6666666667,[ 40.89503998  56.93365096],[ 0.  0.  0.  0.  0.],0.0,6.45397297106,1475450553.48
50.0,[ 42.01643944  55.84120228],[ 1.  1.  0.  0.  1.],0.0,6.40791999811,1475450553.69
50.3333333333,[ 43.12288692  55.09665292],[ 1.  1.  0.  0.  0.],0.333333333333,6.50136995369,1475450553.69
50.6666666667,[ 44.21458176  54.36203088],[ 1.  1.  0.  0.  0.],0.666666666667,6.59357390987,1475450553.69
51.0,[ 44.29172067  53.97053713],[ 0.  1.  1.  0.  1.],1.0,6.68454847996,1475450553.93
51.3333333333,[ 44.36783106  53.91759664],[ 0.  1.  1.  0.  0.],0.0,6.69097672245,1475450553.93
51.6666666667,[ 44.44292665  53.86536201],[ 0.  1.  1.  0.  0.],0.0,6.69731925503,1475450553.93
52.0,[ 44.51702096  53.81382385],[ 0.  1.  1.  0.  0.],0.0,6.70357722052,1475450554.15
52.3333333333,[ 44.59012734  53.76297287],[ 0.  1.  1.  0.  0.],0.0,6.70975174647,1475450554.15
52.6666666667,[ 44.66225898  53.7127999 ],[ 0.  1.  1.  0.  0.],0.0,6.71584394541,1475450554.15
53.0,[ 44.73342886  53.6632959 ],[ 0.  1.  1.  0.  0.],0.0,6.72185491502,1475450554.37
53.3333333333,[ 44.80364981  53.61445195],[ 0.  1.  1.  0.  0.],0.0,6.72778573838,1475450554.37
53.6666666667,[ 44.87293448  53.56625926],[ 0.  1.  1.  0.  0.],0.0,6.73363748409,1475450554.37
54.0,[ 44.94129535  53.51870914],[ 0.  1.  1.  0.  0.],0.0,6.73941120652,1475450554.59
54.3333333333,[ 45.00874475  53.47179302],[ 0.  1.  1.  0.  0.],0.0,6.74510794599,1475450554.59
54.6666666667,[ 45.07529482  53.42550244],[ 0.  1.  1.  0.  0.],0.0,6.75072872894,1475450554.59
55.0,[ 45.14095755  53.37982908],[ 0.  1.  1.  0.  0.],0.0,6.75627456811,1475450554.81
55.3333333333,[ 45.20574479  53.33476469],[ 0.  1.  1.  0.  0.],0.0,6.76174646275,1475450554.81
55.6666666667,[ 45.26966819  53.29030116],[ 0.  1.  1.  0.  0.],0.0,6.7671453988,1475450554.81
56.0,[ 45.33273928  53.24643048],[ 0.  1.  1.  0.  0.],0.0,6.77247234904,1475450555.03
56.3333333333,[ 45.39496942  53.20314474],[ 0.  1.  1.  0.  0.],0.0,6.77772827328,1475450555.04
56.6666666667,[ 45.45636983  53.16043614],[ 0.  1.  1.  0.  0.],0.0,6.78291411852,1475450555.04
57.0,[ 45.51695157  53.11829699],[ 0.  1.  1.  0.  0.],0.0,6.78803081917,1475450555.26
57.3333333333,[ 45.57672554  53.0767197 ],[ 0.  1.  1.  0.  0.],0.0,6.79307929713,1475450555.26
57.6666666667,[ 45.63570254  53.03569677],[ 0.  1.  1.  0.  0.],0.0,6.79806046206,1475450555.26
58.0,[ 45.69389317  52.99522081],[ 0.  1.  1.  0.  0.],0.0,6.80297521145,1475450555.48
58.3333333333,[ 45.75130793  52.95528454],[ 0.  1.  1.  0.  0.],0.0,6.80782443086,1475450555.48
58.6666666667,[ 45.80795716  52.91588074],[ 0.  1.  1.  0.  0.],0.0,6.812608994,1475450555.48
59.0,[ 45.86385106  52.87700233],[ 0.  1.  1.  0.  0.],0.0,6.81732976297,1475450555.71
59.3333333333,[ 45.91899971  52.8386423 ],[ 0.  1.  1.  0.  0.],0.0,6.82198758835,1475450555.71
59.6666666667,[ 45.97341305  52.80079374],[ 0.  1.  1.  0.  0.],0.0,6.8265833094,1475450555.71
60.0,[ 46.02710088  52.76344982],[ 0.  1.  1.  0.  0.],0.0,6.83111775416,1475450555.94
60.3333333333,[ 46.08007286  52.72660382],[ 0.  1.  1.  0.  0.],0.0,6.83559173966,1475450555.94
60.6666666667,[ 46.13233856  52.69024911],[ 0.  1.  1.  0.  0.],0.0,6.84000607202,1475450555.94
61.0,[ 46.18390738  52.65437912],[ 0.  1.  1.  0.  0.],0.0,6.84436154662,1475450556.16
61.3333333333,[ 46.23478861  52.6189874 ],[ 0.  1.  1.  0.  0.],0.0,6.84865894822,1475450556.16
61.6666666667,[ 46.28499143  52.58406756],[ 0.  1.  1.  0.  0.],0.0,6.85289905113,1475450556.16
62.0,[ 46.33452488  52.54961333],[ 0.  1.  1.  0.  0.],0.0,6.85708261934,1475450556.38
62.3333333333,[ 46.38339788  52.51561849],[ 0.  1.  1.  0.  0.],0.0,6.86121040663,1475450556.38
62.6666666667,[ 46.43161924  52.48207691],[ 0.  1.  1.  0.  0.],0.0,6.86528315677,1475450556.38
63.0,[ 46.47919765  52.44898255],[ 0.  1.  1.  0.  0.],0.0,6.86930160357,1475450556.6
63.3333333333,[ 46.52614168  52.41632945],[ 0.  1.  1.  0.  0.],0.0,6.87326647107,1475450556.6
63.6666666667,[ 46.5724598   52.38411172],[ 0.  1.  1.  0.  0.],0.0,6.87717847368,1475450556.6
64.0,[ 46.61816033  52.35232356],[ 0.  1.  1.  0.  0.],0.0,6.88103831626,1475450556.82
64.3333333333,[ 46.66325153  52.32095925],[ 0.  1.  1.  0.  0.],0.0,6.88484669426,1475450556.82
64.6666666667,[ 46.70774151  52.29001313],[ 0.  1.  1.  0.  0.],0.0,6.88860429389,1475450556.82
65.0,[ 46.75163829  52.25947962],[ 0.  1.  1.  0.  0.],0.0,6.8923117922,1475450557.04
65.3333333333,[ 46.79494978  52.22935322],[ 0.  1.  1.  0.  0.],0.0,6.89596985719,1475450557.04
65.6666666667,[ 46.83768378  52.19962851],[ 0.  1.  1.  0.  0.],0.0,6.89957914798,1475450557.04
66.0,[ 46.879848    52.17030013],[ 0.  1.  1.  0.  0.],0.0,6.9031403149,1475450557.26
66.3333333333,[ 46.92145002  52.1413628 ],[ 0.  1.  1.  0.  0.],0.0,6.90665399959,1475450557.26
66.6666666667,[ 46.96249735  52.11281129],[ 0.  1.  1.  0.  0.],0.0,6.91012083515,1475450557.26
67.0,[ 47.00299739  52.08464048],[ 0.  1.  1.  0.  0.],0.0,6.91354144624,1475450557.49
67.3333333333,[ 47.04295742  52.05684527],[ 0.  1.  1.  0.  0.],0.0,6.91691644918,1475450557.49
67.6666666667,[ 47.08238466  52.02942067],[ 0.  1.  1.  0.  0.],0.0,6.92024645208,1475450557.49
68.0,[ 47.1212862   52.00236172],[ 0.  1.  1.  0.  0.],0.0,6.92353205494,1475450557.71
68.3333333333,[ 47.15966905  51.97566357],[ 0.  1.  1.  0.  0.],0.0,6.92677384976,1475450557.71
68.6666666667,[ 47.19754013  51.94932139],[ 0.  1.  1.  0.  0.],0.0,6.92997242065,1475450557.72
69.0,[ 47.23490626  51.92333044],[ 0.  1.  1.  0.  0.],0.0,6.93312834393,1475450557.94
69.3333333333,[ 47.27177418  51.89768603],[ 0.  1.  1.  0.  0.],0.0,6.93624218824,1475450557.94
69.6666666667,[ 47.30815052  51.87238355],[ 0.  1.  1.  0.  0.],0.0,6.93931451461,1475450557.94
70.0,[ 47.34404185  51.84741844],[ 0.  1.  1.  0.  0.],0.0,6.94234587664,1475450558.16
70.3333333333,[ 47.37945462  51.82278619],[ 0.  1.  1.  0.  0.],0.0,6.94533682051,1475450558.16
70.6666666667,[ 47.41439523  51.79848237],[ 0.  1.  1.  0.  0.],0.0,6.94828788512,1475450558.16
71.0,[ 47.44886996  51.77450261],[ 0.  1.  1.  0.  0.],0.0,6.95119960221,1475450558.38
71.3333333333,[ 47.48288502  51.75084257],[ 0.  1.  1.  0.  0.],0.0,6.9540724964,1475450558.38
71.6666666667,[ 47.51644656  51.72749801],[ 0.  1.  1.  0.  0.],0.0,6.95690708534,1475450558.38
72.0,[ 47.5495606  51.7044647],[ 0.  1.  1.  0.  0.],0.0,6.95970387976,1475450558.6
72.3333333333,[ 47.58223313  51.6817385 ],[ 0.  1.  1.  0.  0.],0.0,6.96246338358,1475450558.6
72.6666666667,[ 47.61447002  51.65931532],[ 0.  1.  1.  0.  0.],0.0,6.96518609402,1475450558.6
73.0,[ 47.64627709  51.63719112],[ 0.  1.  1.  0.  0.],0.0,6.96787250166,1475450558.82
73.3333333333,[ 47.67766006  51.6153619 ],[ 0.  1.  1.  0.  0.],0.0,6.97052309053,1475450558.82
73.6666666667,[ 47.70862459  51.59382375],[ 0.  1.  1.  0.  0.],0.0,6.97313833821,1475450558.83
74.0,[ 47.73917626  51.57257276],[ 0.  1.  1.  0.  0.],0.0,6.97571871592,1475450559.04
74.3333333333,[ 47.76932058  51.55160513],[ 0.  1.  1.  0.  0.],0.0,6.9782646886,1475450559.05
74.6666666667,[ 47.79906297  51.53091706],[ 0.  1.  1.  0.  0.],0.0,6.98077671497,1475450559.05
75.0,[ 47.8284088   51.51050483],[ 0.  1.  1.  0.  0.],0.0,6.98325524766,1475450559.28
75.3333333333,[ 47.85736335  51.49036477],[ 0.  1.  1.  0.  0.],0.0,6.98570073325,1475450559.28
75.6666666667,[ 47.21926517  50.80382657],[ 0.  0.  0.  0.  0.],0.0,6.98811361236,1475450559.48
76.0,[ 47.58967497  50.45977555],[ 1.  0.  1.  0.  1.],0.0,6.9349387642,1475450560.03
76.3333333333,[ 47.95514597  50.45364521],[ 1.  0.  1.  0.  0.],0.333333333333,6.96580624734,1475450560.14
76.6666666667,[ 48.31574402  50.4475966 ],[ 1.  0.  1.  0.  0.],0.666666666667,6.99626216404,1475450560.47
77.0,[ 48.6715341   50.44162865],[ 1.  0.  1.  0.  0.],1.0,7.02631200185,1475450561.02
77.3333333333,[ 49.02258031  50.43574027],[ 1.  0.  1.  0.  0.],1.33333333333,7.05596117516,1475450561.14
77.6666666667,[ 49.36894591  50.4299304 ],[ 1.  0.  1.  0.  0.],1.66666666667,7.08521502616,1475450561.47
78.0,[ 49.7106933   50.42419799],[ 1.  0.  1.  0.  0.],2.0,7.11407882581,1475450562.03
78.3333333333,[ 50.04788405  50.41854202],[ 1.  0.  1.  0.  0.],2.33333333333,7.1425577748,1475450562.14
78.6666666667,[ 50.38057893  50.41296146],[ 1.  0.  1.  0.  0.],2.66666666667,7.17065700447,1475450562.48
79.0,[ 50.70883788  50.40745531],[ 1.  0.  1.  0.  0.],3.0,7.19838157774,1475450563.03
79.3333333333,[ 51.03272004  50.40202257],[ 1.  0.  1.  0.  0.],3.33333333333,7.22573649004,1475450563.14
79.6666666667,[ 51.35228377  50.39666227],[ 1.  0.  1.  0.  0.],3.66666666667,7.25272667017,1475450563.47
80.0,[ 51.66758666  50.39137344],[ 1.  0.  1.  0.  0.],4.0,7.27935698124,1475450564.02
80.3333333333,[ 51.9786855   50.38615512],[ 1.  0.  1.  0.  0.],4.33333333333,7.30563222149,1475450564.14
80.6666666667,[ 52.28563636  50.38100639],[ 1.  0.  1.  0.  0.],4.66666666667,7.3315571252,1475450564.48
81.0,[ 52.58849454  50.3759263 ],[ 1.  0.  1.  0.  0.],5.0,7.35713636353,1475450565.02
81.3333333333,[ 52.88731462  50.37091395],[ 1.  0.  1.  0.  0.],5.33333333333,7.38237454535,1475450565.14
81.6666666667,[ 53.18215042  50.36596843],[ 1.  0.  1.  0.  0.],5.66666666667,7.40727621808,1475450565.48
82.0,[ 53.47305508  50.36108886],[ 1.  0.  1.  0.  0.],6.0,7.43184586851,1475450566.01
82.3333333333,[ 53.76008102  50.35627434],[ 1.  0.  1.  0.  0.],6.33333333333,7.45608792359,1475450566.14
82.6666666667,[ 54.04327994  50.35152401],[ 1.  0.  1.  0.  0.],6.66666666667,7.48000675128,1475450566.47
83.0,[ 54.32270287  50.34683703],[ 1.  0.  1.  0.  0.],7.0,7.50360666126,1475450567.01
83.3333333333,[ 54.59840016  50.34221253],[ 1.  0.  1.  0.  0.],7.33333333333,7.52689190578,1475450567.14
83.6666666667,[ 54.53708816  51.00431637],[ 1.  1.  0.  1.  0.],7.66666666667,7.54986668037,1475450567.48
84.0,[ 54.47659365  51.65759215],[ 1.  1.  0.  1.  0.],8.0,7.54475734685,1475450568.02
84.3333333333,[ 54.41690574  52.30215758],[ 1.  1.  0.  1.  0.],8.33333333333,7.53971613778,1475450568.14
84.6666666667,[ 54.35801366  52.93812882],[ 1.  1.  0.  1.  0.],8.66666666667,7.53474214483,1475450568.48
85.0,[ 54.29990681  53.56562043],[ 1.  1.  0.  1.  0.],9.0,7.52983447179,1475450569.01
85.3333333333,[ 54.24257472  54.18474549],[ 1.  1.  0.  1.  0.],9.33333333333,7.52499223439,1475450569.14
85.6666666667,[ 54.18600706  54.79561555],[ 1.  1.  0.  1.  0.],9.66666666667,7.52021456015,1475450569.48
86.0,[ 54.13019363  55.39834068],[ 1.  1.  0.  1.  0.],10.0,7.51550058824,1475450570.01
86.3333333333,[ 54.07512438  55.99302947],[ 1.  1.  0.  1.  0.],10.3333333333,7.51084946929,1475450570.14
86.6666666667,[ 54.02078939  56.57978908],[ 1.  1.  0.  1.  0.],10.6666666667,7.50626036525,1475450570.48
87.0,[ 53.96717887  57.15872522],[ 1.  1.  0.  1.  0.],11.0,7.50173244927,1475450571.01
87.3333333333,[ 53.91428315  57.72994222],[ 1.  1.  0.  1.  0.],11.3333333333,7.4972649055,1475450571.14
87.6666666667,[ 53.86209271  58.29354299],[ 1.  1.  0.  1.  0.],11.6666666667,7.49285692898,1475450571.48
88.0,[ 53.81059814  58.84962908],[ 1.  1.  0.  1.  0.],12.0,7.48850772549,1475450572.01
88.3333333333,[ 53.75979016  59.3983007 ],[ 1.  1.  0.  1.  0.],12.3333333333,7.48421651137,1475450572.14
88.6666666667,[ 53.04299296  60.60632335],[ 1.  0.  1.  1.  0.],12.6666666667,7.47998251344,1475450572.48
89.0,[ 52.33575305  61.79823904],[ 1.  0.  1.  1.  0.],13.0,7.42024941326,1475450573.01
89.3333333333,[ 51.63794301  62.97426252],[ 1.  0.  1.  1.  0.],13.3333333333,7.36131275442,1475450573.14
89.6666666667,[ 50.94943711  64.13460569],[ 1.  0.  1.  1.  0.],13.6666666667,7.30316191769,1475450573.48
90.0,[ 50.27011128  65.27947761],[ 1.  0.  1.  1.  0.],14.0,7.24578642546,1475450574.01
90.3333333333,[ 49.59984313  66.40908458],[ 1.  0.  1.  1.  0.],14.3333333333,7.18917593978,1475450574.14
90.6666666667,[ 48.93851189  67.52363012],[ 1.  0.  1.  1.  0.],14.6666666667,7.13332026059,1475450574.48
91.0,[ 48.28599839  68.62331505],[ 1.  0.  1.  1.  0.],15.0,7.07820932378,1475450575.01
91.3333333333,[ 47.64218508  69.70833751],[ 1.  0.  1.  1.  0.],15.3333333333,7.02383319946,1475450575.14
91.6666666667,[ 47.00695595  70.77889301],[ 1.  0.  1.  1.  0.],15.6666666667,6.97018209014,1475450575.48
92.0,[ 46.38019653  71.83517444],[ 1.  0.  1.  1.  0.],16.0,6.91724632893,1475450576.02
92.3333333333,[ 45.76179391  72.87737211],[ 1.  0.  1.  1.  0.],16.3333333333,6.86501637788,1475450576.14
92.6666666667,[ 45.15163666  73.90567382],[ 1.  0.  1.  1.  0.],16.6666666667,6.81348282618,1475450576.48
93.0,[ 44.54961484  74.92026484],[ 1.  0.  1.  1.  0.],17.0,6.76263638849,1475450577.02
93.3333333333,[ 43.95561998  75.92132797],[ 1.  0.  1.  1.  0.],17.3333333333,6.71246790331,1475450577.14
93.6666666667,[ 43.36954504  76.9090436 ],[ 1.  0.  1.  1.  0.],17.6666666667,6.66296833127,1475450577.48
94.0,[ 42.79128444  77.88358968],[ 1.  0.  1.  1.  0.],18.0,6.61412875352,1475450578.03
94.3333333333,[ 42.22073398  78.84514182],[ 1.  0.  1.  1.  0.],18.3333333333,6.56594037014,1475450578.14
94.6666666667,[ 41.65779086  79.79387326],[ 1.  0.  1.  1.  0.],18.6666666667,6.51839449854,1475450578.48
95.0,[ 41.10235365  80.72995495],[ 1.  0.  1.  1.  0.],19.0,6.47148257189,1475450579.03
95.3333333333,[ 39.55432227  80.65355555],[ 0.  0.  0.  1.  1.],19.3333333333,6.4251961376,1475450579.14
95.6666666667,[ 40.02693131  79.91150815],[ 1.  0.  1.  0.  1.],0.0,6.29619352243,1475450579.47
96.0,[ 40.49323889  79.51268804],[ 1.  0.  1.  0.  0.],0.333333333333,6.3355776088,1475450580.01
96.3333333333,[ 40.95332904  79.11918553],[ 1.  0.  1.  0.  0.],0.666666666667,6.37443657401,1475450580.14
96.6666666667,[ 42.07395132  78.06426306],[ 1.  1.  0.  0.  0.],1.0,6.41277741969,1475450580.48
97.0,[ 42.17963196  77.35673955],[ 0.  1.  1.  0.  1.],1.33333333333,6.50616260965,1475450581.01
97.3333333333,[ 42.28390354  76.99198302],[ 0.  1.  1.  0.  0.],0.0,6.51496933041,1475450581.14
97.6666666667,[ 42.38678482  76.63208992],[ 0.  1.  1.  0.  0.],0.0,6.52365862823,1475450581.48
98.0,[ 42.48829436  76.27699538],[ 0.  1.  1.  0.  0.],0.0,6.53223206874,1475450582.01
98.3333333333,[ 42.58845044  75.92663544],[ 0.  1.  1.  0.  0.],0.0,6.54069119671,1475450582.14
98.6666666667,[ 42.6872711   75.58094697],[ 0.  1.  1.  0.  0.],0.0,6.54903753631,1475450582.48
99.0,[ 42.78477415  75.23986768],[ 0.  1.  1.  0.  0.],0.0,6.55727259139,1475450583.01
99.3333333333,[ 42.88097716  74.90333611],[ 0.  1.  1.  0.  0.],0.0,6.56539784572,1475450583.14
99.6666666667,[ 42.97589746  74.57129163],[ 0.  1.  1.  0.  0.],0.0,6.57341476334,1475450583.48
100.0,[ 43.06955217  74.24367441],[ 0.  1.  1.  0.  0.],0.0,6.58132478871,1475450584.02
100.333333333,[ 42.49529147  73.25375875],[ 0.  0.  0.  0.  0.],0.0,6.58912934709,1475450584.14
100.666666667,[ 41.92868758  72.27704196],[ 0.  0.  0.  0.  0.],0.0,6.54127428912,1475450584.47
101.0,[ 42.36963842  71.64668141],[ 1.  0.  1.  0.  1.],0.0,6.4940572986,1475450585.01
101.333333333,[ 42.8047099   71.35805899],[ 1.  0.  1.  0.  0.],0.333333333333,6.53080320129,1475450585.14
101.666666667,[ 43.23398044  71.07328487],[ 1.  0.  1.  0.  0.],0.666666666667,6.5670591586,1475450585.48
102.0,[ 43.65752737  70.79230774],[ 1.  0.  1.  0.  0.],1.0,6.60283170316,1475450586.0
102.333333333,[ 44.075427    70.51507697],[ 1.  0.  1.  0.  0.],1.33333333333,6.63812728045,1475450586.14
102.666666667,[ 44.48775464  70.24154261],[ 1.  0.  1.  0.  0.],1.66666666667,6.67295225004,1475450586.48
103.0,[ 44.89458458  69.97165537],[ 1.  0.  1.  0.  0.],2.0,6.70731288671,1475450587.01
103.333333333,[ 45.29599012  69.70536663],[ 1.  0.  1.  0.  0.],2.33333333333,6.74121538155,1475450587.14
103.666666667,[ 45.69204358  69.44262841],[ 1.  0.  1.  0.  0.],2.66666666667,6.77466584313,1475450587.48
104.0,[ 46.749483   68.5167267],[ 1.  1.  0.  0.  0.],3.0,6.80767029856,1475450588.01
104.333333333,[ 47.79282323  67.60317034],[ 1.  1.  0.  0.  0.],3.33333333333,6.89579025013,1475450588.14
104.666666667,[ 48.82225225  66.70179474],[ 1.  1.  0.  0.  0.],3.66666666667,6.98273526902,1475450588.48
105.0,[ 48.83795556  66.14577081],[ 0.  1.  1.  0.  1.],4.0,7.06852102099,1475450589.01
105.333333333,[ 48.85344948  65.93049386],[ 0.  1.  1.  0.  0.],0.0,7.0698296296,1475450589.14
105.666666667,[ 48.86873682  65.71808728],[ 0.  1.  1.  0.  0.],0.0,7.07112079009,1475450589.48
106.0,[ 48.21715366  64.84184612],[ 0.  0.  0.  0.  0.],0.0,7.07239473511,1475450610.01
106.333333333,[ 48.24092495  64.64395483],[ 0.  1.  1.  0.  0.],0.0,7.01809613864,1475450610.01
106.666666667,[ 48.26437928  64.4487021 ],[ 0.  1.  1.  0.  0.],0.0,7.02007707902,1475450610.01
107.0,[ 48.28752089  64.25605274],[ 0.  1.  1.  0.  0.],0.0,7.02203160685,1475450610.23
107.333333333,[ 48.31035395  64.06597204],[ 0.  1.  1.  0.  0.],0.0,7.02396007432,1475450610.23
107.666666667,[ 48.33288256  63.87842574],[ 0.  1.  1.  0.  0.],0.0,7.02586282888,1475450610.23
108.0,[ 48.35511079  63.69338007],[ 0.  1.  1.  0.  0.],0.0,7.02774021338,1475450610.47
108.333333333,[ 48.37704265  63.51080167],[ 0.  1.  1.  0.  0.],0.0,7.02959256609,1475450610.47
108.666666667,[ 48.39868208  63.33065764],[ 0.  1.  1.  0.  0.],0.0,7.03142022077,1475450610.47
109.0,[ 48.42003299  63.15291554],[ 0.  1.  1.  0.  0.],0.0,7.03322350671,1475450610.7
109.333333333,[ 48.44109921  62.97754334],[ 0.  1.  1.  0.  0.],0.0,7.03500274885,1475450610.7
109.666666667,[ 48.46188456  62.80450942],[ 0.  1.  1.  0.  0.],0.0,7.03675826775,1475450610.7
110.0,[ 48.48239276  62.63378263],[ 0.  1.  1.  0.  0.],0.0,7.03849037974,1475450610.92
110.333333333,[ 48.50262753  62.4653322 ],[ 0.  1.  1.  0.  0.],0.0,7.0401993969,1475450610.92
110.666666667,[ 48.52259249  62.29912777],[ 0.  1.  1.  0.  0.],0.0,7.04188562716,1475450610.92
111.0,[ 48.54229126  62.1351394 ],[ 0.  1.  1.  0.  0.],0.0,7.04354937435,1475450611.15
111.333333333,[ 48.56172738  61.97333754],[ 0.  1.  1.  0.  0.],0.0,7.04519093825,1475450611.15
111.666666667,[ 48.58090434  61.81369304],[ 0.  1.  1.  0.  0.],0.0,7.04681061463,1475450611.15
112.0,[ 48.59982562  61.65617713],[ 0.  1.  1.  0.  0.],0.0,7.04840869532,1475450611.37
112.333333333,[ 48.61849461  61.50076144],[ 0.  1.  1.  0.  0.],0.0,7.04998546827,1475450611.37
112.666666667,[ 48.63691468  61.34741795],[ 0.  1.  1.  0.  0.],0.0,7.05154121759,1475450611.37
113.0,[ 48.65508915  61.19611904],[ 0.  1.  1.  0.  0.],0.0,7.05307622357,1475450611.59
113.333333333,[ 48.6730213   61.04683746],[ 0.  1.  1.  0.  0.],0.0,7.05459076282,1475450611.59
113.666666667,[ 48.69071435  60.89954629],[ 0.  1.  1.  0.  0.],0.0,7.0560851082,1475450611.59
114.0,[ 48.70817149  60.75421901],[ 0.  1.  1.  0.  0.],0.0,7.05755952898,1475450611.81
114.333333333,[ 48.72539587  60.61082942],[ 0.  1.  1.  0.  0.],0.0,7.05901429082,1475450611.81
114.666666667,[ 48.74239059  60.46935169],[ 0.  1.  1.  0.  0.],0.0,7.06044965583,1475450611.81
115.0,[ 48.75915872  60.32976034],[ 0.  1.  1.  0.  0.],0.0,7.06186588264,1475450612.04
115.333333333,[ 48.77570327  60.1920302 ],[ 0.  1.  1.  0.  0.],0.0,7.06326322642,1475450612.04
115.666666667,[ 48.79202722  60.05613647],[ 0.  1.  1.  0.  0.],0.0,7.06464193896,1475450612.04
116.0,[ 48.80813353  59.92205465],[ 0.  1.  1.  0.  0.],0.0,7.06600226866,1475450612.26
116.333333333,[ 48.82402508  59.78976058],[ 0.  1.  1.  0.  0.],0.0,7.06734446064,1475450612.26
116.666666667,[ 48.83970475  59.65923044],[ 0.  1.  1.  0.  0.],0.0,7.06866875672,1475450612.26
117.0,[ 48.85517535  59.5304407 ],[ 0.  1.  1.  0.  0.],0.0,7.06997539552,1475450612.49
117.333333333,[ 48.87043968  59.40336816],[ 0.  1.  1.  0.  0.],0.0,7.07126461247,1475450612.49
117.666666667,[ 48.88550048  59.27798992],[ 0.  1.  1.  0.  0.],0.0,7.07253663986,1475450612.5
118.0,[ 48.90036048  59.15428339],[ 0.  1.  1.  0.  0.],0.0,7.07379170688,1475450612.72
118.333333333,[ 48.91502234  59.03222627],[ 0.  1.  1.  0.  0.],0.0,7.07503003968,1475450612.72
118.666666667,[ 48.92948871  58.91179659],[ 0.  1.  1.  0.  0.],0.0,7.07625186137,1475450612.72
119.0,[ 48.94376219  58.79297264],[ 0.  1.  1.  0.  0.],0.0,7.07745739211,1475450612.94
119.333333333,[ 48.95784536  58.675733  ],[ 0.  1.  1.  0.  0.],0.0,7.0786468491,1475450612.94
119.666666667,[ 48.97174076  58.56005656],[ 0.  1.  1.  0.  0.],0.0,7.07982044667,1475450612.94
120.0,[ 48.98545088  58.44592247],[ 0.  1.  1.  0.  0.],0.0,7.08097839627,1475450613.16
120.333333333,[ 48.9989782   58.33331017],[ 0.  1.  1.  0.  0.],0.0,7.08212090654,1475450613.16
120.666666667,[ 49.01232516  58.22219937],[ 0.  1.  1.  0.  0.],0.0,7.08324818334,1475450613.16
121.0,[ 49.02549416  58.11257005],[ 0.  1.  1.  0.  0.],0.0,7.08436042979,1475450633.38
121.333333333,[ 48.3718209   57.33773578],[ 0.  0.  0.  0.  0.],0.0,7.08545784628,1475450633.39
121.666666667,[ 47.72686329  56.57323264],[ 0.  0.  0.  0.  0.],0.0,7.03098507499,1475450633.39
122.0,[ 48.09050511  56.1522562 ],[ 1.  0.  1.  0.  1.],0.0,6.97723860733,1475450633.61
122.333333333,[ 48.44929838  56.07022612],[ 1.  0.  1.  0.  0.],0.333333333333,7.00754209256,1475450633.61
122.666666667,[ 48.80330773  55.98928977],[ 1.  0.  1.  0.  0.],0.666666666667,7.03744153133,1475450633.61
123.0,[ 49.15259696  55.90943257],[ 1.  0.  1.  0.  0.],1.0,7.06694231091,1475450633.83
123.333333333,[ 49.497229    55.83064014],[ 1.  0.  1.  0.  0.],1.33333333333,7.09604974677,1475450633.83
123.666666667,[ 49.83726595  55.75289827],[ 1.  0.  1.  0.  0.],1.66666666667,7.12476908348,1475450633.83
124.0,[ 50.17276907  55.67619296],[ 1.  0.  1.  0.  0.],2.0,7.1531054957,1475450634.05
124.333333333,[ 50.50379881  55.60051039],[ 1.  0.  1.  0.  0.],2.33333333333,7.18106408909,1475450634.05
124.666666667,[ 50.83041483  55.52583691],[ 1.  0.  1.  0.  0.],2.66666666667,7.20864990123,1475450634.05
125.0,[ 51.15267597  55.45215909],[ 1.  0.  1.  0.  0.],3.0,7.23586790255,1475450634.28
125.333333333,[ 51.47064029  55.37946363],[ 1.  0.  1.  0.  0.],3.33333333333,7.26272299718,1475450634.28
125.666666667,[ 51.78436508  55.30773745],[ 1.  0.  1.  0.  0.],3.66666666667,7.28922002389,1475450634.28
126.0,[ 52.09390688  55.23696762],[ 1.  0.  1.  0.  0.],4.0,7.3153637569,1475450634.5
126.333333333,[ 52.39932146  55.16714139],[ 1.  0.  1.  0.  0.],4.33333333333,7.34115890681,1475450634.5
126.666666667,[ 52.70066384  55.09824617],[ 1.  0.  1.  0.  0.],4.66666666667,7.36661012139,1475450634.5
127.0,[ 52.99798832  55.03026955],[ 1.  0.  1.  0.  0.],5.0,7.39172198643,1475450634.72
127.333333333,[ 53.29134848  54.96319929],[ 1.  0.  1.  0.  0.],5.33333333333,7.41649902661,1475450634.72
127.666666667,[ 53.58079716  54.8970233 ],[ 1.  0.  1.  0.  0.],5.66666666667,7.44094570626,1475450634.72
128.0,[ 53.86638653  54.83172966],[ 1.  0.  1.  0.  0.],6.0,7.46506643018,1475450634.94
128.333333333,[ 54.14816805  54.76730659],[ 1.  0.  1.  0.  0.],6.33333333333,7.48886554444,1475450634.94
128.666666667,[ 54.42619247  54.70374251],[ 1.  0.  1.  0.  0.],6.66666666667,7.51234733718,1475450634.94
129.0,[ 54.70050991  54.64102594],[ 1.  0.  1.  0.  0.],7.0,7.53551603935,1475450635.16
129.333333333,[ 54.97116977  54.57914559],[ 1.  0.  1.  0.  0.],7.33333333333,7.55837582549,1475450635.16
129.666666667,[ 54.23822084  55.85142365],[ 1.  0.  1.  1.  0.],7.66666666667,7.58093081449,1475450635.16
130.0,[ 53.51504457  57.106738  ],[ 1.  0.  1.  1.  0.],8.0,7.51985173696,1475450635.38
130.333333333,[ 52.80151064  58.34531483],[ 1.  0.  1.  1.  0.],8.33333333333,7.45958704713,1475450635.38
130.666666667,[ 52.0974905  59.5673773],[ 1.  0.  1.  1.  0.],8.66666666667,7.40012588651,1475450635.38
131.0,[ 51.40285729  60.7731456 ],[ 1.  0.  1.  1.  0.],9.0,7.34145754135,1475450635.6
131.333333333,[ 50.71748586  61.96283699],[ 1.  0.  1.  1.  0.],9.33333333333,7.2835714408,1475450635.6
131.666666667,[ 50.04125271  63.13666583],[ 1.  0.  1.  1.  0.],9.66666666667,7.22645715492,1475450635.6
132.0,[ 49.37403601  64.29484362],[ 1.  0.  1.  1.  0.],10.0,7.17010439286,1475450635.83
132.333333333,[ 48.71571553  65.43757904],[ 1.  0.  1.  1.  0.],10.3333333333,7.11450300095,1475450635.83
132.666666667,[ 48.06617266  66.56507799],[ 1.  0.  1.  1.  0.],10.6666666667,7.05964296094,1475450635.83
133.0,[ 47.42529036  67.67754361],[ 1.  0.  1.  1.  0.],11.0,7.00551438813,1475450636.06
133.333333333,[ 46.79295315  68.77517637],[ 1.  0.  1.  1.  0.],11.3333333333,6.95210752962,1475450636.06
133.666666667,[ 46.16904711  69.85817401],[ 1.  0.  1.  1.  0.],11.6666666667,6.89941276256,1475450636.06
134.0,[ 46.22012648  70.26006503],[ 1.  1.  0.  1.  0.],12.0,6.84742059239,1475450636.28
134.333333333,[ 46.27052479  70.65659749],[ 1.  1.  0.  1.  0.],12.3333333333,6.85167720671,1475450636.28
134.666666667,[ 46.32025113  71.04784286],[ 1.  1.  0.  1.  0.],12.6666666667,6.85587706618,1475450636.28
135.0,[ 46.36931445  71.43387162],[ 1.  1.  0.  1.  0.],13.0,6.86002092752,1475450636.51
135.333333333,[ 46.41772359  71.81475333],[ 1.  1.  0.  1.  0.],13.3333333333,6.86410953738,1475450636.51
135.666666667,[ 46.46548727  72.19055662],[ 1.  1.  0.  1.  0.],13.6666666667,6.86814363243,1475450636.51
136.0,[ 46.51261411  72.5613492 ],[ 1.  1.  0.  1.  0.],14.0,6.87212393956,1475450636.74
136.333333333,[ 46.55911259  72.92719788],[ 1.  1.  0.  1.  0.],14.3333333333,6.87605117592,1475450636.74
136.666666667,[ 46.60499109  73.28816857],[ 1.  1.  0.  1.  0.],14.6666666667,6.87992604913,1475450636.74
137.0,[ 46.65025787  73.64432633],[ 1.  1.  0.  1.  0.],15.0,6.88374925736,1475450636.97
137.333333333,[ 46.6949211   73.99573531],[ 1.  1.  0.  1.  0.],15.3333333333,6.88752148949,1475450636.97
137.666666667,[ 46.73898882  74.34245884],[ 1.  1.  0.  1.  0.],15.6666666667,6.89124342518,1475450636.97
138.0,[ 46.78246897  74.68455939],[ 1.  1.  0.  1.  0.],16.0,6.89491573507,1475450637.2
138.333333333,[ 46.82536938  75.02209859],[ 1.  1.  0.  1.  0.],16.3333333333,6.89853908082,1475450637.2
138.666666667,[ 46.86769779  75.35513728],[ 1.  1.  0.  1.  0.],16.6666666667,6.9021141153,1475450637.2
139.0,[ 46.90946182  75.68373545],[ 1.  1.  0.  1.  0.],17.0,6.90564148265,1475450637.43
139.333333333,[ 46.950669    76.00795231],[ 1.  1.  0.  1.  0.],17.3333333333,6.90912181844,1475450637.43
139.666666667,[ 46.99132674  76.32784628],[ 1.  1.  0.  1.  0.],17.6666666667,6.91255574975,1475450637.43
140.0,[ 47.03144239  76.643475  ],[ 1.  1.  0.  1.  0.],18.0,6.91594389531,1475450637.66
140.333333333,[ 47.07102316  76.95489533],[ 1.  1.  0.  1.  0.],18.3333333333,6.91928686559,1475450637.66
140.666666667,[ 47.11007618  77.26216339],[ 1.  1.  0.  1.  0.],18.6666666667,6.92258526294,1475450637.66
141.0,[ 47.1486085   77.56533455],[ 1.  1.  0.  1.  0.],19.0,6.92583968166,1475450637.89
141.333333333,[ 47.18662705  77.86446342],[ 1.  1.  0.  1.  0.],19.3333333333,6.92905070812,1475450637.9
141.666666667,[ 47.22413869  78.15960391],[ 1.  1.  0.  1.  0.],19.6666666667,6.9322189209,1475450637.9
142.0,[ 47.26115017  78.45080919],[ 1.  1.  0.  1.  0.],20.0,6.93534489085,1475450638.15
142.333333333,[ 47.29766817  78.73813173],[ 1.  1.  0.  1.  0.],20.3333333333,6.93842918119,1475450638.15
142.666666667,[ 47.33369926  79.02162331],[ 1.  1.  0.  1.  0.],20.6666666667,6.94147234766,1475450638.15
143.0,[ 47.36924994  79.301335  ],[ 1.  1.  0.  1.  0.],21.0,6.94447493858,1475450638.4
143.333333333,[ 47.40432661  79.5773172 ],[ 1.  1.  0.  1.  0.],21.3333333333,6.94743749496,1475450638.4
143.666666667,[ 47.43893559  79.84961964],[ 1.  1.  0.  1.  0.],21.6666666667,6.95036055058,1475450638.4
144.0,[ 47.47308311  80.11829137],[ 1.  1.  0.  1.  0.],22.0,6.95324463213,1475450638.65
144.333333333,[ 47.50677534  80.38338082],[ 1.  1.  0.  1.  0.],22.3333333333,6.95609025926,1475450638.65
144.666666667,[ 46.54001833  80.97826908],[ 0.  1.  1.  1.  1.],22.6666666667,6.95889794469,1475450638.65
145.0,[ 47.58615142  79.56522549],[ 1.  1.  0.  0.  1.],0.0,6.87833486098,1475450638.9
145.333333333,[ 47.61833607  78.83768915],[ 0.  1.  1.  0.  1.],0.333333333333,6.96551261839,1475450638.9
145.666666667,[ 47.65009159  78.45318663],[ 0.  1.  1.  0.  0.],0.0,6.96819467237,1475450638.9
146.0,[ 47.6814237   78.07381081],[ 0.  1.  1.  0.  0.],0.0,6.97084096563,1475450639.12
146.333333333,[ 47.71233805  77.69949333],[ 0.  1.  1.  0.  0.],0.0,6.97345197497,1475450639.13
146.666666667,[ 47.74284021  77.33016675],[ 0.  1.  1.  0.  0.],0.0,6.97602817086,1475450639.13
147.0,[ 47.77293567  76.96576453],[ 0.  1.  1.  0.  0.],0.0,6.97857001747,1475450639.35
147.333333333,[ 47.80262986  76.606221  ],[ 0.  1.  1.  0.  0.],0.0,6.98107797279,1475450639.35
147.666666667,[ 47.83192813  76.25147139],[ 0.  1.  1.  0.  0.],0.0,6.98355248871,1475450639.35
148.0,[ 47.86083576  75.90145177],[ 0.  1.  1.  0.  0.],0.0,6.98599401109,1475450639.57
148.333333333,[ 47.88935795  75.55609908],[ 0.  1.  1.  0.  0.],0.0,6.98840297983,1475450639.57
148.666666667,[ 47.91749984  75.21535109],[ 0.  1.  1.  0.  0.],0.0,6.99077982898,1475450639.57
149.0,[ 47.94526651  74.87914641],[ 0.  1.  1.  0.  0.],0.0,6.99312498682,1475450639.79
149.333333333,[ 47.97266296  74.54742446],[ 0.  1.  1.  0.  0.],0.0,6.99543887589,1475450639.79
149.666666667,[ 47.99969412  74.22012546],[ 0.  1.  1.  0.  0.],0.0,6.9977219131,1475450639.79
150.0,[ 48.02636486  73.89719046],[ 0.  1.  1.  0.  0.],0.0,6.99997450981,1475450640.02
150.333333333,[ 48.05268     73.57856125],[ 0.  1.  1.  0.  0.],0.0,7.0021970719,1475450640.02
150.666666667,[ 48.07864426  73.26418044],[ 0.  1.  1.  0.  0.],0.0,7.00438999983,1475450640.03
151.0,[ 48.10426234  72.95399136],[ 0.  1.  1.  0.  0.],0.0,7.00655368872,1475450640.25
151.333333333,[ 48.12953884  72.64793815],[ 0.  1.  1.  0.  0.],0.0,7.00868852843,1475450640.25
151.666666667,[ 48.15447833  72.34596564],[ 0.  1.  1.  0.  0.],0.0,7.01079490361,1475450640.25
152.0,[ 47.51241861  71.38135276],[ 0.  0.  0.  0.  0.],0.0,7.01287319378,1475450640.47
152.333333333,[ 46.8789197   70.42960139],[ 0.  0.  0.  0.  0.],0.0,6.95936821786,1475450640.47
152.666666667,[ 46.25386744  69.49054004],[ 0.  0.  0.  0.  0.],0.0,6.90657664162,1475450640.47
153.0,[ 46.6371492   68.89733284],[ 1.  0.  1.  0.  1.],0.0,6.85448895307,1475450640.69
153.333333333,[ 47.01532055  68.6453684 ],[ 1.  0.  1.  0.  0.],0.333333333333,6.88642910036,1475450640.69
153.666666667,[ 47.38844961  68.39676349],[ 1.  0.  1.  0.  0.],0.666666666667,6.91794337902,1475450640.69
154.0,[ 47.75660361  68.15147331],[ 1.  0.  1.  0.  0.],1.0,6.9490374673,1475450640.91
154.333333333,[ 48.1198489   67.90945367],[ 1.  0.  1.  0.  0.],1.33333333333,6.97971696774,1475450640.91
154.666666667,[ 48.47825091  67.67066095],[ 1.  0.  1.  0.  0.],1.66666666667,7.00998740817,1475450640.91
155.0,[ 48.83187423  67.43505214],[ 1.  0.  1.  0.  0.],2.0,7.03985424273,1475450641.13
155.333333333,[ 49.18078258  67.20258478],[ 1.  0.  1.  0.  0.],2.33333333333,7.06932285282,1475450641.13
155.666666667,[ 49.52503881  66.97321698],[ 1.  0.  1.  0.  0.],2.66666666667,7.09839854812,1475450641.13
156.0,[ 49.86470496  66.74690742],[ 1.  0.  1.  0.  0.],3.0,7.12708656748,1475450641.35
156.333333333,[ 50.19984223  66.52361532],[ 1.  0.  1.  0.  0.],3.33333333333,7.15539207991,1475450641.36
156.666666667,[ 50.530511    66.30330045],[ 1.  0.  1.  0.  0.],3.66666666667,7.18332018551,1475450641.36
157.0,[ 50.85677085  66.08592311],[ 1.  0.  1.  0.  0.],4.0,7.21087591637,1475450641.58
157.333333333,[ 51.17868057  65.87144413],[ 1.  0.  1.  0.  0.],4.33333333333,7.23806423749,1475450641.58
157.666666667,[ 51.49629816  65.65982488],[ 1.  0.  1.  0.  0.],4.66666666667,7.26489004765,1475450641.58
158.0,[ 51.80968086  65.45102721],[ 1.  0.  1.  0.  0.],5.0,7.29135818035,1475450642.04
158.333333333,[ 52.11888511  65.24501352],[ 1.  0.  1.  0.  0.],5.33333333333,7.31747340461,1475450642.14
158.666666667,[ 52.42396664  65.04174667],[ 1.  0.  1.  0.  0.],5.66666666667,7.34324042589,1475450642.48
159.0,[ 52.72498042  64.84119005],[ 1.  0.  1.  0.  0.],6.0,7.36866388687,1475450643.03
159.333333333,[ 53.02198068  64.64330751],[ 1.  0.  1.  0.  0.],6.33333333333,7.39374836838,1475450643.14
159.666666667,[ 53.31502094  64.44806341],[ 1.  0.  1.  0.  0.],6.66666666667,7.41849839014,1475450643.47
160.0,[ 53.60415399  64.25542257],[ 1.  0.  1.  0.  0.],7.0,7.4429184116,1475450644.03
160.333333333,[ 53.88943194  64.06535027],[ 1.  0.  1.  0.  0.],7.33333333333,7.46701283278,1475450644.14
160.666666667,[ 53.17090618  65.2111456 ],[ 1.  0.  1.  1.  0.],7.66666666667,7.49078599501,1475450644.47
161.0,[ 52.46196077  66.34166366],[ 1.  0.  1.  1.  0.],8.0,7.43090884841,1475450645.03
161.333333333,[ 51.76246795  67.45710814],[ 1.  0.  1.  1.  0.],8.33333333333,7.37183006377,1475450645.14
161.666666667,[ 51.07230172  68.55768003],[ 1.  0.  1.  1.  0.],8.66666666667,7.31353899625,1475450645.48
162.0,[ 50.39133769  69.64357763],[ 1.  0.  1.  1.  0.],9.0,7.25602514296,1475450646.02
162.333333333,[ 49.71945319  70.7149966 ],[ 1.  0.  1.  1.  0.],9.33333333333,7.19927814106,1475450646.14
162.666666667,[ 49.05652715  71.77212998],[ 1.  0.  1.  1.  0.],9.66666666667,7.14328776584,1475450646.47
163.0,[ 49.06910679  72.14850158],[ 1.  1.  0.  1.  0.],10.0,7.08804392897,1475450647.02
163.333333333,[ 49.0815187   72.51985489],[ 1.  1.  0.  1.  0.],10.3333333333,7.08909223214,1475450647.14
163.666666667,[ 49.09376511  72.88625682],[ 1.  1.  0.  1.  0.],10.6666666667,7.09012655793,1475450647.48
164.0,[ 49.10584824  73.2477734 ],[ 1.  1.  0.  1.  0.],11.0,7.09114709271,1475450648.03
164.333333333,[ 49.11777027  73.60446975],[ 1.  1.  0.  1.  0.],11.3333333333,7.09215402037,1475450648.14
164.666666667,[ 49.12953333  73.95641016],[ 1.  1.  0.  1.  0.],11.6666666667,7.09314752232,1475450648.48
165.0,[ 49.14113955  74.30365802],[ 1.  1.  0.  1.  0.],12.0,7.09412777757,1475450649.03
165.333333333,[ 49.15259103  74.64627591],[ 1.  1.  0.  1.  0.],12.3333333333,7.09509496276,1475450649.14
165.666666667,[ 49.16388981  74.98432557],[ 1.  1.  0.  1.  0.],12.6666666667,7.09604925215,1475450649.48
166.0,[ 48.50837128  75.98453456],[ 1.  0.  1.  1.  0.],13.0,7.09699081767,1475450650.02
166.333333333,[ 47.861593    76.97140743],[ 1.  0.  1.  1.  0.],13.3333333333,7.04236427344,1475450650.14
166.666666667,[ 47.22343842  77.945122  ],[ 1.  0.  1.  1.  0.],13.6666666667,6.98846608313,1475450650.48
167.0,[ 46.59379258  78.90585371],[ 1.  0.  1.  1.  0.],14.0,6.93528653535,1475450651.03
167.333333333,[ 45.97254201  79.85377566],[ 1.  0.  1.  1.  0.],14.3333333333,6.88281604821,1475450651.14
167.666666667,[ 45.35957478  80.78905865],[ 1.  0.  1.  1.  0.],14.6666666667,6.83104516757,1475450651.48
168.0,[ 43.75478045  80.7118712 ],[ 0.  0.  0.  1.  1.],15.0,6.77996456534,1475450652.03
168.333333333,[ 44.17138338  79.96904625],[ 1.  0.  1.  0.  1.],0.0,6.64623170446,1475450652.14
168.666666667,[ 44.5824316   79.56945897],[ 1.  0.  1.  0.  0.],0.333333333333,6.68094861507,1475450652.48
169.0,[ 44.98799918  79.17519952],[ 1.  0.  1.  0.  0.],0.666666666667,6.71520263354,1475450653.0
169.333333333,[ 45.38815919  78.78619686],[ 1.  0.  1.  0.  0.],1.0,6.74899993176,1475450653.14
169.666666667,[ 45.78298374  78.4023809 ],[ 1.  0.  1.  0.  0.],1.33333333333,6.78234659933,1475450653.48
170.0,[ 46.17254395  78.02368249],[ 1.  0.  1.  0.  0.],1.66666666667,6.81524864468,1475450654.01
170.333333333,[ 46.55691003  77.65003339],[ 1.  0.  1.  0.  0.],2.0,6.84771199608,1475450654.14
170.666666667,[ 46.93615123  77.28136627],[ 1.  0.  1.  0.  0.],2.33333333333,6.8797425028,1475450654.48
171.0,[ 47.31033588  76.91761472],[ 1.  0.  1.  0.  0.],2.66666666667,6.9113459361,1475450655.01
171.333333333,[ 47.6795314   76.55871319],[ 1.  0.  1.  0.  0.],3.0,6.94252799028,1475450655.14
171.666666667,[ 48.04380432  76.20459702],[ 1.  0.  1.  0.  0.],3.33333333333,6.97329428374,1475450655.48
172.0,[ 48.40322026  75.85520239],[ 1.  0.  1.  0.  0.],3.66666666667,7.00365035996,1475450656.01
172.333333333,[ 48.75784399  75.51046636],[ 1.  0.  1.  0.  0.],4.0,7.03360168849,1475450656.14
172.666666667,[ 49.10773941  75.17032681],[ 1.  0.  1.  0.  0.],4.33333333333,7.06315366598,1475450656.47
173.0,[ 49.45296955  74.83472245],[ 1.  0.  1.  0.  0.],4.66666666667,7.0923116171,1475450657.01
173.333333333,[ 49.79359662  74.50359282],[ 1.  0.  1.  0.  0.],5.0,7.12108079554,1475450657.14
173.666666667,[ 50.129682    74.17687825],[ 1.  0.  1.  0.  0.],5.33333333333,7.14946638493,1475450657.48
174.0,[ 50.46128624  73.85451987],[ 1.  0.  1.  0.  0.],5.66666666667,7.1774734998,1475450658.02
174.333333333,[ 50.78846909  73.53645961],[ 1.  0.  1.  0.  0.],6.0,7.20510718647,1475450658.14
174.666666667,[ 51.1112895   73.22264014],[ 1.  0.  1.  0.  0.],6.33333333333,7.23237242398,1475450658.48
175.0,[ 51.42980564  72.91300494],[ 1.  0.  1.  0.  0.],6.66666666667,7.259274125,1475450659.01
175.333333333,[ 51.7440749   72.60749821],[ 1.  0.  1.  0.  0.],7.0,7.28581713666,1475450659.14
175.666666667,[ 51.0541539   73.63939823],[ 1.  0.  1.  1.  0.],7.33333333333,7.31200624151,1475450659.48
176.0,[ 50.37343185  74.65753959],[ 1.  0.  1.  1.  0.],7.66666666667,7.25451282495,1475450660.03
176.333333333,[ 49.70178609  75.66210573],[ 1.  0.  1.  1.  0.],8.0,7.19778598729,1475450660.14
176.666666667,[ 49.03909561  76.65327765],[ 1.  0.  1.  1.  0.],8.33333333333,7.14181550746,1475450660.48
177.0,[ 48.385241    77.63123395],[ 1.  0.  1.  1.  0.],8.66666666667,7.08659130069,1475450661.03
177.333333333,[ 47.74010445  78.59615083],[ 1.  0.  1.  1.  0.],9.0,7.03210341668,1475450661.14
177.666666667,[ 47.10356973  79.54820215],[ 1.  0.  1.  1.  0.],9.33333333333,6.97834203779,1475450661.48
178.0,[ 46.47552213  80.48755946],[ 1.  0.  1.  1.  0.],9.66666666667,6.92529747729,1475450662.04
178.333333333,[ 45.8558485  81.414392 ],[ 1.  0.  1.  1.  0.],10.0,6.87296017759,1475450662.14
178.666666667,[ 44.24443719  81.32886677],[ 0.  0.  0.  1.  1.],10.3333333333,6.82132070856,1475450662.48
179.0,[ 43.65451136  80.24448188],[ 0.  0.  0.  0.  0.],0.0,6.68703643244,1475450663.03
179.333333333,[ 44.07245121  79.50788879],[ 1.  0.  1.  0.  1.],0.0,6.63787594668,1475450663.14
179.666666667,[ 44.48481853  79.11445027],[ 1.  0.  1.  0.  0.],0.333333333333,6.67270426739,1475450663.47
