./simulation results/2016-10-2_18-46-21.txt

Comfortable Program

simTime, model.x, model.u, model.d, model.z, systemTime

0.0,[ 1.  1.],[ 1.  0.  1.  0.  1.],0.0,3.0,1475451981.72
0.333333333333,[ 1.98666667  1.65333333],[ 1.  0.  1.  0.  0.],0.333333333333,3.08333333333,1475451981.77
0.666666666667,[ 2.96017778  2.29795556],[ 1.  0.  1.  0.  0.],0.666666666667,3.16555555556,1475451982.11
1.0,[ 3.92070874  2.93398281],[ 1.  0.  1.  0.  0.],1.0,3.24668148148,1475451982.66
1.33333333333,[ 4.86843262  3.56152971],[ 1.  0.  1.  0.  0.],1.33333333333,3.3267257284,1475451982.78
1.66666666667,[ 5.80352019  4.18070931],[ 1.  0.  1.  0.  0.],1.66666666667,3.40570271868,1475451983.11
2.0,[ 6.72613992  4.79163319],[ 1.  0.  1.  0.  0.],2.0,3.48362668243,1475451983.67
2.33333333333,[ 7.63645805  5.39441141],[ 1.  0.  1.  0.  0.],2.33333333333,3.56051166,1475451983.78
2.66666666667,[ 8.53463861  5.9891526 ],[ 1.  0.  1.  0.  0.],2.66666666667,3.63637150453,1475451984.11
3.0,[ 9.42084343  6.57596389],[ 1.  0.  1.  0.  0.],3.0,3.71121988447,1475451984.66
3.33333333333,[ 10.29523219   7.15495104],[ 1.  0.  1.  0.  0.],3.33333333333,3.78507028601,1475451984.78
3.66666666667,[ 11.15796242   7.72621836],[ 1.  0.  1.  0.  0.],3.66666666667,3.85793601553,1475451985.11
4.0,[ 10.00918959   9.28986878],[ 0.  0.  0.  1.  1.],4.0,3.92983020199,1475451985.66
4.33333333333,[ 10.87573373  10.16600387],[ 1.  0.  1.  0.  1.],0.0,3.83409913263,1475451985.78
4.66666666667,[ 11.73072395  10.69712381],[ 1.  0.  1.  0.  0.],0.333333333333,3.9063111442,1475451986.11
5.0,[ 12.57431429  11.22116216],[ 1.  0.  1.  0.  0.],0.666666666667,3.97756032894,1475451986.65
5.33333333333,[ 13.40665677  11.73821334],[ 1.  0.  1.  0.  0.],1.0,4.04785952456,1475451986.78
5.66666666667,[ 14.22790135  12.24837049],[ 1.  0.  1.  0.  0.],1.33333333333,4.11722139756,1475451987.11
6.0,[ 15.038196    12.75172555],[ 1.  0.  1.  0.  0.],1.66666666667,4.1856584456,1475451987.65
6.33333333333,[ 15.83768672  13.24836921],[ 1.  0.  1.  0.  0.],2.0,4.25318299965,1475451987.78
6.66666666667,[ 16.62651756  13.73839095],[ 1.  0.  1.  0.  0.],2.33333333333,4.31980722633,1475451988.11
7.0,[ 17.40483066  14.22187907],[ 1.  0.  1.  0.  0.],2.66666666667,4.38554312997,1475451988.65
7.33333333333,[ 18.17276625  14.69892069],[ 1.  0.  1.  0.  0.],3.0,4.45040255491,1475451988.78
7.66666666667,[ 18.9304627   15.16960174],[ 1.  0.  1.  0.  0.],3.33333333333,4.51439718751,1475451989.11
8.0,[ 19.67805653  15.63400705],[ 1.  0.  1.  0.  0.],3.66666666667,4.57753855834,1475451989.65
8.33333333333,[ 20.41568244  16.09222029],[ 1.  0.  1.  0.  0.],4.0,4.63983804423,1475451989.78
8.66666666667,[ 21.14347334  16.54432402],[ 1.  0.  1.  0.  0.],4.33333333333,4.70130687031,1475451990.11
9.0,[ 21.86156037  16.9903997 ],[ 1.  0.  1.  0.  0.],4.66666666667,4.76195611204,1475451990.65
9.33333333333,[ 20.57007289  18.43052771],[ 0.  0.  0.  1.  1.],5.0,4.82179669721,1475451990.78
9.66666666667,[ 21.29580526  19.18478734],[ 1.  0.  1.  0.  1.],0.0,4.71417274125,1475451991.11
10.0,[ 22.01186119  19.59565684],[ 1.  0.  1.  0.  0.],0.333333333333,4.77465043803,1475451991.66
10.3333333333,[ 22.7183697   20.00104808],[ 1.  0.  1.  0.  0.],0.666666666667,4.83432176552,1475451991.78
10.6666666667,[ 23.41545811  20.40103411],[ 1.  0.  1.  0.  0.],1.0,4.89319747532,1475451992.11
11.0,[ 24.103252    20.79568699],[ 1.  0.  1.  0.  0.],1.33333333333,4.95128817565,1475451992.65
11.3333333333,[ 24.78187531  21.18507783],[ 1.  0.  1.  0.  0.],1.66666666667,5.0086043333,1475451992.78
11.6666666667,[ 25.4514503   21.56927679],[ 1.  0.  1.  0.  0.],2.0,5.06515627553,1475451993.11
12.0,[ 26.11209763  21.9483531 ],[ 1.  0.  1.  0.  0.],2.33333333333,5.12095419185,1475451993.65
12.3333333333,[ 26.76393633  22.32237506],[ 1.  0.  1.  0.  0.],2.66666666667,5.17600813596,1475451993.78
12.6666666667,[ 27.40708385  22.69141006],[ 1.  0.  1.  0.  0.],3.0,5.23032802748,1475451994.11
13.0,[ 28.04165606  23.05552459],[ 1.  0.  1.  0.  0.],3.33333333333,5.28392365378,1475451994.64
13.3333333333,[ 28.66776731  23.41478426],[ 1.  0.  1.  0.  0.],3.66666666667,5.33680467173,1475451994.78
13.6666666667,[ 29.28553042  23.7692538 ],[ 1.  0.  1.  0.  0.],4.0,5.38898060944,1475451995.11
14.0,[ 29.89505668  24.11899709],[ 1.  0.  1.  0.  0.],4.33333333333,5.44046086798,1475451995.66
14.3333333333,[ 30.49645592  24.46407713],[ 1.  0.  1.  0.  0.],4.66666666667,5.49125472308,1475451995.77
14.6666666667,[ 31.08983651  24.8045561 ],[ 1.  0.  1.  0.  0.],5.0,5.54137132677,1475451996.11
15.0,[ 30.67530536  24.80716202],[ 0.  0.  0.  0.  1.],5.33333333333,5.59081970908,1475451996.66
15.3333333333,[ 31.26630128  25.47639986],[ 1.  0.  1.  0.  1.],0.0,5.55627544629,1475451996.78
15.6666666667,[ 31.84941727  25.80338119],[ 1.  0.  1.  0.  0.],0.333333333333,5.60552510701,1475451997.11
16.0,[ 32.42475837  26.12600277],[ 1.  0.  1.  0.  0.],0.666666666667,5.65411810558,1475451997.65
16.3333333333,[ 32.99242826  26.44432274],[ 1.  0.  1.  0.  0.],1.0,5.70206319751,1475451997.78
16.6666666667,[ 33.55252922  26.75839843],[ 1.  0.  1.  0.  0.],1.33333333333,5.74936902154,1475451998.11
17.0,[ 34.10516216  27.06828646],[ 1.  0.  1.  0.  0.],1.66666666667,5.79604410125,1475451998.64
17.3333333333,[ 34.65042666  27.37404264],[ 1.  0.  1.  0.  0.],2.0,5.84209684657,1475451998.78
17.6666666667,[ 35.18842097  27.67572207],[ 1.  0.  1.  0.  0.],2.33333333333,5.88753555528,1475451999.11
18.0,[ 35.71924203  27.97337911],[ 1.  0.  1.  0.  0.],2.66666666667,5.93236841454,1475451999.65
18.3333333333,[ 36.24298547  28.26706739],[ 1.  0.  1.  0.  0.],3.0,5.97660350235,1475451999.78
18.6666666667,[ 36.75974566  28.55683982],[ 1.  0.  1.  0.  0.],3.33333333333,6.02024878899,1475452000.11
19.0,[ 37.26961572  28.84274862],[ 1.  0.  1.  0.  0.],3.66666666667,6.06331213847,1475452000.65
19.3333333333,[ 37.77268751  29.12484531],[ 1.  0.  1.  0.  0.],4.0,6.10580130995,1475452000.78
19.6666666667,[ 38.26905168  29.4031807 ],[ 1.  0.  1.  0.  0.],4.33333333333,6.14772395915,1475452001.11
20.0,[ 38.75879765  29.67780496],[ 1.  0.  1.  0.  0.],4.66666666667,6.1890876397,1475452001.65
20.3333333333,[ 39.24201369  29.94876756],[ 1.  0.  1.  0.  0.],5.0,6.2298998045,1475452001.78
20.6666666667,[ 39.71878684  30.21611733],[ 1.  0.  1.  0.  0.],5.33333333333,6.27016780711,1475452002.11
21.0,[ 40.18920301  30.47990243],[ 1.  0.  1.  0.  0.],5.66666666667,6.30989890301,1475452002.67
21.3333333333,[ 40.65334697  30.7401704 ],[ 1.  0.  1.  0.  0.],6.0,6.34910025097,1475452002.78
21.6666666667,[ 41.11130235  30.99696813],[ 1.  0.  1.  0.  0.],6.33333333333,6.38777891429,1475452003.11
22.0,[ 39.56315165  32.25034188],[ 0.  0.  0.  1.  1.],6.66666666667,6.4259418621,1475452003.64
22.3333333333,[ 40.03564296  32.82033733],[ 1.  0.  1.  0.  1.],0.0,6.29692930394,1475452003.78
22.6666666667,[ 40.50183439  33.04939949],[ 1.  0.  1.  0.  0.],0.333333333333,6.33630357989,1475452004.11
23.0,[ 40.96180993  33.2754075 ],[ 1.  0.  1.  0.  0.],0.666666666667,6.37515286549,1475452004.65
23.3333333333,[ 41.41565246  33.49840207],[ 1.  0.  1.  0.  0.],1.0,6.41348416062,1475452004.78
23.6666666667,[ 41.86344376  33.71842337],[ 1.  0.  1.  0.  0.],1.33333333333,6.45130437181,1475452005.11
24.0,[ 42.30526451  33.93551106],[ 1.  0.  1.  0.  0.],1.66666666667,6.48862031352,1475452005.64
24.3333333333,[ 42.74119432  34.14970425],[ 1.  0.  1.  0.  0.],2.0,6.52543870934,1475452005.78
24.6666666667,[ 43.17131173  34.36104152],[ 1.  0.  1.  0.  0.],2.33333333333,6.56176619321,1475452006.11
25.0,[ 43.59569424  34.56956097],[ 1.  0.  1.  0.  0.],2.66666666667,6.59760931064,1475452006.64
25.3333333333,[ 44.01441831  34.77530016],[ 1.  0.  1.  0.  0.],3.0,6.63297451983,1475452006.78
25.6666666667,[ 44.4275594   34.97829616],[ 1.  0.  1.  0.  0.],3.33333333333,6.6678681929,1475452007.11
26.0,[ 44.83519195  35.17858554],[ 1.  0.  1.  0.  0.],3.66666666667,6.70229661699,1475452007.65
26.3333333333,[ 45.23738939  35.3762044 ],[ 1.  0.  1.  0.  0.],4.0,6.73626599543,1475452007.78
26.6666666667,[ 45.63422419  35.57118834],[ 1.  0.  1.  0.  0.],4.33333333333,6.76978244883,1475452008.11
27.0,[ 46.02576787  35.7635725 ],[ 1.  0.  1.  0.  0.],4.66666666667,6.80285201618,1475452008.64
27.3333333333,[ 46.41209097  35.95339153],[ 1.  0.  1.  0.  0.],5.0,6.83548065596,1475452008.78
27.6666666667,[ 47.45992975  35.47401298],[ 1.  1.  0.  0.  0.],5.33333333333,6.86767424721,1475452009.11
28.0,[ 48.49379736  35.00102614],[ 1.  1.  0.  0.  0.],5.66666666667,6.95499414614,1475452009.65
28.3333333333,[ 49.51388006  34.53434579],[ 1.  1.  0.  0.  0.],6.0,7.04114977975,1475452009.78
28.6666666667,[ 50.52036166  34.07388784],[ 1.  1.  0.  0.  0.],6.33333333333,7.12615667157,1475452010.11
29.0,[ 50.84675684  34.28623601],[ 1.  0.  1.  0.  0.],6.66666666667,7.21003013817,1475452010.71
29.3333333333,[ 51.16880008  34.49575286],[ 1.  0.  1.  0.  0.],7.0,7.23722973633,1475452010.77
29.6666666667,[ 50.48654941  36.03580949],[ 1.  0.  1.  1.  0.],7.33333333333,7.26406667318,1475452011.11
30.0,[ 48.81339542  37.22199869],[ 0.  0.  0.  1.  1.],7.66666666667,7.20721245087,1475452011.66
30.3333333333,[ 49.16255015  37.72570538],[ 1.  0.  1.  0.  1.],0.0,7.06778295153,1475452011.78
30.6666666667,[ 49.50704948  37.88936264],[ 1.  0.  1.  0.  0.],0.333333333333,7.09687917884,1475452012.11
31.0,[ 49.84695548  38.05083781],[ 1.  0.  1.  0.  0.],0.666666666667,7.12558745646,1475452012.65
31.3333333333,[ 50.18232941  38.21015997],[ 1.  0.  1.  0.  0.],1.0,7.15391295704,1475452012.78
31.6666666667,[ 50.51323169  38.36735783],[ 1.  0.  1.  0.  0.],1.33333333333,7.18186078428,1475452013.11
32.0,[ 50.83972193  38.52245973],[ 1.  0.  1.  0.  0.],1.66666666667,7.20943597382,1475452013.65
32.3333333333,[ 51.16185897  38.6754936 ],[ 1.  0.  1.  0.  0.],2.0,7.23664349417,1475452013.78
32.6666666667,[ 51.47970085  38.82648702],[ 1.  0.  1.  0.  0.],2.33333333333,7.26348824758,1475452014.11
33.0,[ 52.45997151  38.30880053],[ 1.  1.  0.  0.  0.],2.66666666667,7.28997507094,1475452014.64
33.3333333333,[ 53.42717189  37.79801652],[ 1.  1.  0.  0.  0.],3.0,7.37166429222,1475452014.78
33.6666666667,[ 54.38147626  37.29404297],[ 1.  1.  0.  0.  0.],3.33333333333,7.45226432388,1475452015.11
34.0,[ 55.32305658  36.79678906],[ 1.  1.  0.  0.  0.],3.66666666667,7.53178968845,1475452015.66
34.3333333333,[ 56.25208249  36.3061652 ],[ 1.  1.  0.  0.  0.],4.0,7.61025471483,1475452015.78
34.6666666667,[ 57.16872139  35.822083  ],[ 1.  1.  0.  0.  0.],4.33333333333,7.68767354085,1475452016.11
35.0,[ 58.07313844  35.34445523],[ 1.  1.  0.  0.  0.],4.66666666667,7.76406011586,1475452016.65
35.3333333333,[ 58.96549659  34.87319583],[ 1.  1.  0.  0.  0.],5.0,7.83942820321,1475452016.78
35.6666666667,[ 59.17928997  35.07488655],[ 1.  0.  1.  0.  0.],5.33333333333,7.91379138272,1475452017.11
36.0,[ 58.39023277  34.94055473],[ 0.  0.  0.  0.  1.],5.66666666667,7.93160749762,1475452017.69
36.3333333333,[ 57.61169633  34.47468066],[ 0.  0.  0.  0.  0.],0.0,7.86585273098,1475452017.77
36.6666666667,[ 56.84354038  34.01501826],[ 0.  0.  0.  0.  0.],0.0,7.80097469457,1475452018.11
37.0,[ 57.08562651  34.56148468],[ 1.  0.  1.  0.  1.],0.0,7.73696169864,1475452018.71
37.3333333333,[ 57.32448483  34.76733155],[ 1.  0.  1.  0.  0.],0.333333333333,7.75713554266,1475452018.77
37.6666666667,[ 57.56015836  34.9704338 ],[ 1.  0.  1.  0.  0.],0.666666666667,7.77704040209,1475452019.11
38.0,[ 57.79268958  35.17082801],[ 1.  0.  1.  0.  0.],1.0,7.7966798634,1475452019.65
38.3333333333,[ 58.02212039  35.3685503 ],[ 1.  0.  1.  0.  0.],1.33333333333,7.81605746522,1475452019.77
38.6666666667,[ 58.24849212  35.5636363 ],[ 1.  0.  1.  0.  0.],1.66666666667,7.83517669901,1475452020.11
39.0,[ 58.13851222  36.08945448],[ 0.  1.  1.  0.  1.],2.0,7.85404100969,1475452020.7
39.3333333333,[ 58.02999873  36.27492842],[ 0.  1.  1.  0.  0.],0.0,7.84487601845,1475452020.78
39.6666666667,[ 57.92293208  36.45792938],[ 0.  1.  1.  0.  0.],0.0,7.8358332271,1475452021.11
40.0,[ 58.81729298  36.30515699],[ 1.  1.  0.  0.  1.],0.0,7.82691100629,1475452021.65
40.3333333333,[ 59.69972907  35.82108823],[ 1.  1.  0.  0.  0.],0.333333333333,7.90144108176,1475452021.78
40.6666666667,[ 60.57039935  35.34347372],[ 1.  1.  0.  0.  0.],0.666666666667,7.97497742289,1475452022.11
41.0,[ 61.4294607  34.8722274],[ 1.  1.  0.  0.  0.],1.0,8.04753327948,1475452022.65
41.3333333333,[ 62.27706789  34.40726437],[ 1.  1.  0.  0.  0.],1.33333333333,8.11912172464,1475452022.78
41.6666666667,[ 63.11337365  33.94850084],[ 1.  1.  0.  0.  0.],1.66666666667,8.1897556572,1475452023.11
42.0,[ 63.93852867  33.49585417],[ 1.  1.  0.  0.  0.],2.0,8.25944780399,1475452023.65
42.3333333333,[ 64.75268162  33.04924278],[ 1.  1.  0.  0.  0.],2.33333333333,8.32821072216,1475452023.78
42.6666666667,[ 65.5559792   32.60858621],[ 1.  1.  0.  0.  0.],2.66666666667,8.39605680142,1475452024.11
43.0,[ 65.68189947  32.84047172],[ 1.  0.  1.  0.  0.],3.0,8.46299826629,1475452024.66
43.3333333333,[ 65.80614081  33.06926543],[ 1.  0.  1.  0.  0.],3.33333333333,8.47349162274,1475452024.78
43.6666666667,[ 65.9287256   33.29500856],[ 1.  0.  1.  0.  0.],3.66666666667,8.48384506777,1475452025.11
44.0,[ 65.71634259  33.85107511],[ 0.  1.  1.  0.  1.],4.0,8.49406046687,1475452025.64
44.3333333333,[ 65.50679136  34.06639411],[ 0.  1.  1.  0.  0.],0.0,8.47636188287,1475452025.77
44.6666666667,[ 65.30003414  34.27884219],[ 0.  1.  1.  0.  0.],0.0,8.45889927998,1475452026.11
45.0,[ 66.09603369  34.1551243 ],[ 1.  1.  0.  0.  1.],0.0,8.44166951181,1475452026.65
45.3333333333,[ 66.8814199   33.69972264],[ 1.  1.  0.  0.  0.],0.333333333333,8.5080028072,1475452026.78
45.6666666667,[ 67.65633431  33.250393  ],[ 1.  1.  0.  0.  0.],0.666666666667,8.57345165866,1475452027.11
46.0,[ 68.42091651  32.80705443],[ 1.  1.  0.  0.  0.],1.0,8.63802785877,1475452027.65
46.3333333333,[ 69.17530429  32.36962704],[ 1.  1.  0.  0.  0.],1.33333333333,8.70174304287,1475452027.78
46.6666666667,[ 69.91963357  31.93803201],[ 1.  1.  0.  0.  0.],1.66666666667,8.76460869119,1475452028.11
47.0,[ 70.65403846  31.51219158],[ 1.  1.  0.  0.  0.],2.0,8.82663613087,1475452028.65
47.3333333333,[ 71.37865128  31.09202903],[ 1.  1.  0.  0.  0.],2.33333333333,8.88783653801,1475452028.78
47.6666666667,[ 72.09360259  30.67746864],[ 1.  1.  0.  0.  0.],2.66666666667,8.94822093972,1475452029.11
48.0,[ 72.79902123  30.26843573],[ 1.  1.  0.  0.  0.],3.0,9.00780021608,1475452029.66
48.3333333333,[ 73.49503428  29.86485658],[ 1.  1.  0.  0.  0.],3.33333333333,9.06658510209,1475452029.77
48.6666666667,[ 74.18176715  29.4666585 ],[ 1.  1.  0.  0.  0.],3.66666666667,9.12458618962,1475452030.11
49.0,[ 74.85934359  29.07376972],[ 1.  1.  0.  0.  0.],4.0,9.18181392931,1475452030.65
49.3333333333,[ 74.86121901  29.35278612],[ 1.  0.  1.  0.  0.],4.33333333333,9.23827863248,1475452030.78
49.6666666667,[ 74.86306942  29.6280823 ],[ 1.  0.  1.  0.  0.],4.66666666667,9.23843491738,1475452031.11
50.0,[ 73.86489516  29.56637454],[ 0.  0.  0.  0.  1.],5.0,9.23858911848,1475452031.64
50.3333333333,[ 72.88002989  29.17215621],[ 0.  0.  0.  0.  0.],0.0,9.15540793023,1475452031.78
50.6666666667,[ 71.90829616  28.78319413],[ 0.  0.  0.  0.  0.],0.0,9.0733358245,1475452032.11
51.0,[ 70.94951888  28.39941821],[ 0.  0.  0.  0.  0.],0.0,8.9923580135,1475452032.66
51.3333333333,[ 70.00352529  28.0207593 ],[ 0.  0.  0.  0.  0.],0.0,8.91245990666,1475452032.77
51.6666666667,[ 69.73681162  28.31381584],[ 0.  1.  1.  0.  0.],0.0,8.8336271079,1475452033.11
52.0,[ 70.47365414  28.26963163],[ 1.  1.  0.  0.  1.],0.0,8.81140096869,1475452033.65
52.3333333333,[ 71.20067208  27.89270321],[ 1.  1.  0.  0.  0.],0.333333333333,8.87280451132,1475452033.77
52.6666666667,[ 71.91799645  27.5208005 ],[ 1.  1.  0.  0.  0.],0.666666666667,8.93338934006,1475452034.11
53.0,[ 72.6257565   27.15385649],[ 1.  1.  0.  0.  0.],1.0,8.99316637108,1475452034.65
53.3333333333,[ 73.32407975  26.79180507],[ 1.  1.  0.  0.  0.],1.33333333333,9.05214637503,1475452034.78
53.6666666667,[ 74.01309202  26.43458101],[ 1.  1.  0.  0.  0.],1.66666666667,9.11033997891,1475452035.11
54.0,[ 74.69291746  26.08211993],[ 1.  1.  0.  0.  0.],2.0,9.16775766808,1475452035.65
54.3333333333,[ 75.36367856  25.73435833],[ 1.  1.  0.  0.  0.],2.33333333333,9.22440978806,1475452035.78
54.6666666667,[ 76.02549618  25.39123355],[ 1.  1.  0.  0.  0.],2.66666666667,9.28030654645,1475452036.11
55.0,[ 76.67848956  25.05268377],[ 1.  1.  0.  0.  0.],3.0,9.33545801472,1475452036.64
55.3333333333,[ 77.32277637  24.71864798],[ 1.  1.  0.  0.  0.],3.33333333333,9.38987413008,1475452036.78
55.6666666667,[ 77.95847268  24.38906601],[ 1.  1.  0.  0.  0.],3.66666666667,9.44356469723,1475452037.11
56.0,[ 77.91902638  24.73054513],[ 1.  0.  1.  0.  0.],4.0,9.49653939016,1475452037.65
56.3333333333,[ 77.88010603  25.0674712 ],[ 1.  0.  1.  0.  0.],4.33333333333,9.49325219829,1475452037.78
56.6666666667,[ 77.84170461  25.39990491],[ 1.  0.  1.  0.  0.],4.66666666667,9.49000883564,1475452038.11
57.0,[ 77.47048189  26.06123951],[ 0.  1.  1.  0.  1.],5.0,9.48680871783,1475452038.65
57.3333333333,[ 77.10420879  26.38042299],[ 0.  1.  1.  0.  0.],0.0,9.45587349049,1475452038.78
57.6666666667,[ 76.74281934  26.69535068],[ 0.  1.  1.  0.  0.],0.0,9.42535073283,1475452039.11
58.0,[ 77.38624842  26.67274601],[ 1.  1.  0.  0.  1.],0.0,9.39523494529,1475452039.65
58.3333333333,[ 78.02109844  26.31710939],[ 1.  1.  0.  0.  0.],0.333333333333,9.4488540349,1475452039.78
58.6666666667,[ 78.64748379  25.9662146 ],[ 1.  1.  0.  0.  0.],0.666666666667,9.50175820333,1475452040.11
59.0,[ 79.26551734  25.61999841],[ 1.  1.  0.  0.  0.],1.0,9.55395698284,1475452040.65
59.3333333333,[ 79.87531045  25.27839843],[ 1.  1.  0.  0.  0.],1.33333333333,9.60545977862,1475452040.77
59.6666666667,[ 80.47697297  24.94135311],[ 1.  1.  0.  0.  0.],1.66666666667,9.65627587046,1475452041.11
60.0,[ 81.07061333  24.60880174],[ 1.  1.  0.  0.  0.],2.0,9.70641441441,1475452041.65
60.3333333333,[ 81.65633849  24.28068438],[ 1.  1.  0.  0.  0.],2.33333333333,9.75588444444,1475452041.77
60.6666666667,[ 82.23425398  23.95694192],[ 1.  1.  0.  0.  0.],2.66666666667,9.80469487407,1475452042.11
61.0,[ 82.80446392  23.63751603],[ 1.  1.  0.  0.  0.],3.0,9.85285449797,1475452042.65
61.3333333333,[ 83.36707107  23.32234915],[ 1.  1.  0.  0.  0.],3.33333333333,9.90037199356,1475452042.78
61.6666666667,[ 83.92217679  23.0113845 ],[ 1.  1.  0.  0.  0.],3.66666666667,9.94725592253,1475452043.11
62.0,[ 84.4698811   22.70456604],[ 1.  1.  0.  0.  0.],4.0,9.99351473245,1475452043.65
62.3333333333,[ 85.01028268  22.40183849],[ 1.  1.  0.  0.  0.],4.33333333333,10.0391567582,1475452043.78
62.6666666667,[ 85.54347892  22.10314731],[ 1.  1.  0.  0.  0.],4.66666666667,10.0841902237,1475452044.11
63.0,[ 86.06956586  21.80843868],[ 1.  1.  0.  0.  0.],5.0,10.1286232429,1475452044.64
63.3333333333,[ 86.58863832  21.5176595 ],[ 1.  1.  0.  0.  0.],5.33333333333,10.1724638219,1475452044.78
63.6666666667,[ 86.43412314  21.89742404],[ 1.  0.  1.  0.  0.],5.66666666667,10.2157198598,1475452065.11
64.0,[ 85.28166817  21.93879172],[ 0.  0.  0.  0.  1.],6.0,10.202843595,1475452065.34
64.3333333333,[ 84.14457926  21.64627449],[ 0.  0.  0.  0.  0.],0.0,10.1068056804,1475452065.34
64.6666666667,[ 83.02265153  21.3576575 ],[ 0.  0.  0.  0.  0.],0.0,10.0120482714,1475452065.34
65.0,[ 81.91568285  21.07288873],[ 0.  0.  0.  0.  0.],0.0,9.91855429442,1475452065.56
65.3333333333,[ 80.82347374  20.79191688],[ 0.  0.  0.  0.  0.],0.0,9.82630690383,1475452065.56
65.6666666667,[ 79.74582742  20.51469132],[ 0.  0.  0.  0.  0.],0.0,9.73528947844,1475452065.56
66.0,[ 78.68254973  20.24116211],[ 0.  0.  0.  0.  0.],0.0,9.64548561873,1475452065.79
66.3333333333,[ 77.63344906  19.97127995],[ 0.  0.  0.  0.  0.],0.0,9.55687914381,1475452065.79
66.6666666667,[ 76.59833641  19.70499621],[ 0.  0.  0.  0.  0.],0.0,9.46945408856,1475452065.79
67.0,[ 75.57702526  19.44226293],[ 0.  0.  0.  0.  0.],0.0,9.38319470071,1475452066.02
67.3333333333,[ 74.56933159  19.18303276],[ 0.  0.  0.  0.  0.],0.0,9.29808543804,1475452066.03
67.6666666667,[ 73.57507383  18.92725899],[ 0.  0.  0.  0.  0.],0.0,9.21411096553,1475452066.03
68.0,[ 72.59407285  18.67489553],[ 0.  0.  0.  0.  0.],0.0,9.13125615266,1475452066.25
68.3333333333,[ 71.62615188  18.42589693],[ 0.  0.  0.  0.  0.],0.0,9.04950607062,1475452066.25
68.6666666667,[ 70.67113652  18.1802183 ],[ 0.  0.  0.  0.  0.],0.0,8.96884598968,1475452066.25
69.0,[ 69.7288547   17.93781539],[ 0.  0.  0.  0.  0.],0.0,8.88926137648,1475452066.49
69.3333333333,[ 68.79913663  17.69864452],[ 0.  0.  0.  0.  0.],0.0,8.81073789147,1475452066.5
69.6666666667,[ 67.88181481  17.46266259],[ 0.  0.  0.  0.  0.],0.0,8.73326138625,1475452066.5
70.0,[ 67.97672395  18.22982709],[ 1.  0.  1.  0.  1.],0.0,8.6568179011,1475452066.75
70.3333333333,[ 68.07036763  18.6534294 ],[ 1.  0.  1.  0.  0.],0.333333333333,8.66472699575,1475452066.75
70.6666666667,[ 68.16276273  19.07138367],[ 1.  0.  1.  0.  0.],0.666666666667,8.6725306358,1475452066.75
71.0,[ 68.25392589  19.48376522],[ 1.  0.  1.  0.  0.],1.0,8.68023022733,1475452067.05
71.3333333333,[ 68.34387355  19.89064835],[ 1.  0.  1.  0.  0.],1.33333333333,8.68782715763,1475452067.05
71.6666666667,[ 68.4326219   20.29210637],[ 1.  0.  1.  0.  0.],1.66666666667,8.69532279553,1475452067.05
72.0,[ 67.52018694  20.35487829],[ 0.  0.  0.  0.  1.],2.0,8.70271849159,1475452067.29
72.3333333333,[ 66.61991778  20.08347991],[ 0.  0.  0.  0.  0.],0.0,8.62668224503,1475452067.29
72.6666666667,[ 65.73165221  19.81570018],[ 0.  0.  0.  0.  0.],0.0,8.5516598151,1475452067.29
73.0,[ 65.85523018  20.55149084],[ 1.  0.  1.  0.  1.],0.0,8.47763768423,1475452067.57
73.3333333333,[ 65.97716045  20.94413763],[ 1.  0.  1.  0.  0.],0.333333333333,8.48793584844,1475452067.57
73.6666666667,[ 66.09746497  21.33154913],[ 1.  0.  1.  0.  0.],0.666666666667,8.4980967038,1475452067.57
74.0,[ 66.21616544  21.71379514],[ 1.  0.  1.  0.  0.],1.0,8.50812208108,1475452067.85
74.3333333333,[ 66.33328323  22.09094454],[ 1.  0.  1.  0.  0.],1.33333333333,8.51801378666,1475452067.85
74.6666666667,[ 66.44883946  22.46306528],[ 1.  0.  1.  0.  0.],1.66666666667,8.52777360284,1475452067.85
75.0,[ 66.56285493  22.83022441],[ 1.  0.  1.  0.  0.],2.0,8.53740328814,1475452068.09
75.3333333333,[ 66.6753502   23.19248808],[ 1.  0.  1.  0.  0.],2.33333333333,8.54690457763,1475452068.09
75.6666666667,[ 66.78634553  23.54992158],[ 1.  0.  1.  0.  0.],2.66666666667,8.55627918326,1475452068.09
76.0,[ 66.56252759  24.23592262],[ 0.  1.  1.  0.  1.],3.0,8.56552879415,1475452068.38
76.3333333333,[ 66.34169389  24.57944365],[ 0.  1.  1.  0.  0.],0.0,8.54687729912,1475452068.38
76.6666666667,[ 66.12380464  24.91838441],[ 0.  1.  1.  0.  0.],0.0,8.52847449068,1475452068.38
77.0,[ 66.90882057  24.91947261],[ 1.  1.  0.  0.  1.],0.0,8.51031705303,1475452068.6
77.3333333333,[ 67.68336963  24.58721298],[ 1.  1.  0.  0.  0.],0.333333333333,8.57573504788,1475452068.6
77.6666666667,[ 68.44759137  24.25938347],[ 1.  1.  0.  0.  0.],0.666666666667,8.6402808028,1475452068.6
78.0,[ 68.53495682  24.60259169],[ 1.  0.  1.  0.  0.],1.0,8.70396594765,1475452068.83
78.3333333333,[ 68.6211574  24.9412238],[ 1.  0.  1.  0.  0.],1.33333333333,8.71124640168,1475452068.83
78.6666666667,[ 68.70620863  25.27534082],[ 1.  0.  1.  0.  0.],1.66666666667,8.71842978299,1475452068.83
79.0,[ 67.79012585  25.27166961],[ 0.  0.  0.  0.  1.],2.0,8.72551738588,1475452069.06
79.3333333333,[ 66.8862575   24.93471401],[ 0.  0.  0.  0.  0.],0.0,8.64917715407,1475452069.06
79.6666666667,[ 65.99444074  24.60225116],[ 0.  0.  0.  0.  0.],0.0,8.57385479202,1475452069.06
80.0,[ 65.11451486  24.27422114],[ 0.  0.  0.  0.  0.],0.0,8.49953672812,1475452069.33
80.3333333333,[ 64.24632133  23.95056486],[ 0.  0.  0.  0.  0.],0.0,8.42620957175,1475452069.33
80.6666666667,[ 63.38970371  23.631224  ],[ 0.  0.  0.  0.  0.],0.0,8.35386011079,1475452069.33
81.0,[ 63.54450766  24.31614101],[ 1.  0.  1.  0.  1.],0.0,8.28247530932,1475452089.57
81.3333333333,[ 63.69724756  24.65859246],[ 1.  0.  1.  0.  0.],0.333333333333,8.29537563852,1475452089.57
81.6666666667,[ 63.84795093  24.9964779 ],[ 1.  0.  1.  0.  0.],0.666666666667,8.30810396334,1475452089.57
82.0,[ 63.99664491  25.32985819],[ 1.  0.  1.  0.  0.],1.0,8.32066257717,1475452089.85
82.3333333333,[ 64.14335631  25.65879342],[ 1.  0.  1.  0.  0.],1.33333333333,8.3330537428,1475452089.85
82.6666666667,[ 64.28811156  25.98334284],[ 1.  0.  1.  0.  0.],1.66666666667,8.3452796929,1475452089.85
83.0,[ 64.43093674  26.30356493],[ 1.  0.  1.  0.  0.],2.0,8.35734263033,1475452090.18
83.3333333333,[ 64.57185759  26.6195174 ],[ 1.  0.  1.  0.  0.],2.33333333333,8.36924472859,1475452090.18
83.6666666667,[ 64.71089949  26.93125717],[ 1.  0.  1.  0.  0.],2.66666666667,8.38098813221,1475452090.18
84.0,[ 63.84808749  26.90550707],[ 0.  0.  0.  0.  1.],3.0,8.39257495711,1475452090.47
84.3333333333,[ 62.99677966  26.54676698],[ 0.  0.  0.  0.  0.],0.0,8.32067395768,1475452090.47
84.6666666667,[ 62.1568226   26.19281009],[ 0.  0.  0.  0.  0.],0.0,8.24973163825,1475452090.47
85.0,[ 62.32806496  26.84357262],[ 1.  0.  1.  0.  1.],0.0,8.17973521641,1475452090.75
85.3333333333,[ 62.4970241   27.15232498],[ 1.  0.  1.  0.  0.],0.333333333333,8.19400541352,1475452090.75
85.6666666667,[ 62.66373044  27.45696065],[ 1.  0.  1.  0.  0.],0.666666666667,8.20808534134,1475452090.75
86.0,[ 62.82821404  27.75753451],[ 1.  0.  1.  0.  0.],1.0,8.22197753679,1475452091.05
86.3333333333,[ 62.99050452  28.05410071],[ 1.  0.  1.  0.  0.],1.33333333333,8.23568450296,1475452091.05
86.6666666667,[ 63.15063112  28.34671271],[ 1.  0.  1.  0.  0.],1.66666666667,8.24920870959,1475452091.05
87.0,[ 62.30862271  28.30208987],[ 0.  0.  0.  0.  1.],2.0,8.26255259346,1475452091.32
87.3333333333,[ 61.47784107  27.92472867],[ 0.  0.  0.  0.  0.],0.0,8.19238522555,1475452091.32
87.6666666667,[ 60.65813652  27.55239896],[ 0.  0.  0.  0.  0.],0.0,8.12315342254,1475452091.33
88.0,[ 60.84936137  28.18503364],[ 1.  0.  1.  0.  1.],0.0,8.05484471024,1475452091.55
88.3333333333,[ 61.03803655  28.47589985],[ 1.  0.  1.  0.  0.],0.333333333333,8.07078011411,1475452091.56
88.6666666667,[ 61.22419606  28.76288786],[ 1.  0.  1.  0.  0.],0.666666666667,8.08650304592,1475452091.56
89.0,[ 61.40787345  29.04604935],[ 1.  0.  1.  0.  0.],1.0,8.10201633864,1475452091.84
89.3333333333,[ 61.5891018   29.32543536],[ 1.  0.  1.  0.  0.],1.33333333333,8.11732278746,1475452091.84
89.6666666667,[ 61.76791378  29.60109622],[ 1.  0.  1.  0.  0.],1.66666666667,8.13242515029,1475452091.84
90.0,[ 61.9443416   29.87308161],[ 1.  0.  1.  0.  0.],2.0,8.14732614829,1475452092.12
90.3333333333,[ 62.11841704  30.14144052],[ 1.  0.  1.  0.  0.],2.33333333333,8.16202846631,1475452092.12
90.6666666667,[ 62.29017148  30.40622131],[ 1.  0.  1.  0.  0.],2.66666666667,8.17653475343,1475452092.12
91.0,[ 61.45963586  30.33413836],[ 0.  0.  0.  0.  1.],3.0,8.19084762338,1475452092.39
91.3333333333,[ 60.64017405  29.92968318],[ 0.  0.  0.  0.  0.],0.0,8.12163632174,1475452092.39
91.6666666667,[ 59.8316384   29.53062074],[ 0.  0.  0.  0.  0.],0.0,8.05334783745,1475452092.39
92.0,[ 60.03388322  30.13687913],[ 1.  0.  1.  0.  1.],0.0,7.98596986628,1475452092.68
92.3333333333,[ 60.23343144  30.40172074],[ 1.  0.  1.  0.  0.],0.333333333333,8.0028236014,1475452092.68
92.6666666667,[ 60.43031902  30.66303113],[ 1.  0.  1.  0.  0.],0.666666666667,8.01945262004,1475452092.68
93.0,[ 60.62458143  30.92085738],[ 1.  0.  1.  0.  0.],1.0,8.03585991844,1475452092.96
93.3333333333,[ 60.81625368  31.17524595],[ 1.  0.  1.  0.  0.],1.33333333333,8.05204845286,1475452092.96
93.6666666667,[ 61.0053703   31.42624267],[ 1.  0.  1.  0.  0.],1.66666666667,8.06802114016,1475452092.96
94.0,[ 60.19196536  31.34055944],[ 0.  0.  0.  0.  1.],2.0,8.08378085829,1475452093.24
94.3333333333,[ 59.38940582  30.92268531],[ 0.  0.  0.  0.  0.],0.0,8.01599711351,1475452093.24
94.6666666667,[ 58.59754708  30.51038284],[ 0.  0.  0.  0.  0.],0.0,7.949117152,1475452093.24
95.0,[ 58.81624645  31.10357773],[ 1.  0.  1.  0.  1.],0.0,7.88312892331,1475452093.53
95.3333333333,[ 59.03202983  31.35553003],[ 1.  0.  1.  0.  0.],0.333333333333,7.901353871,1475452093.53
95.6666666667,[ 59.2449361   31.60412296],[ 1.  0.  1.  0.  0.],0.666666666667,7.91933581938,1475452093.53
96.0,[ 59.45500362  31.84940133],[ 1.  0.  1.  0.  0.],1.0,7.93707800846,1475452093.81
96.3333333333,[ 59.66227024  32.09140931],[ 1.  0.  1.  0.  0.],1.33333333333,7.95458363501,1475452093.81
96.6666666667,[ 59.8667733   32.33019052],[ 1.  0.  1.  0.  0.],1.66666666667,7.97185585321,1475452093.81
97.0,[ 60.06854966  32.56578798],[ 1.  0.  1.  0.  0.],2.0,7.98889777517,1475452094.09
97.3333333333,[ 60.26763566  32.79824414],[ 1.  0.  1.  0.  0.],2.33333333333,8.0057124715,1475452094.09
97.6666666667,[ 60.46406719  33.02760088],[ 1.  0.  1.  0.  0.],2.66666666667,8.02230297188,1475452094.09
98.0,[ 59.65787962  32.9205662 ],[ 0.  0.  0.  0.  1.],3.0,8.03867226559,1475452094.37
98.3333333333,[ 58.86244123  32.48162532],[ 0.  0.  0.  0.  0.],0.0,7.97148996871,1475452094.37
98.6666666667,[ 58.07760868  32.04853698],[ 0.  0.  0.  0.  0.],0.0,7.9052034358,1475452094.37
99.0,[ 58.30324056  32.62122316],[ 1.  0.  1.  0.  1.],0.0,7.83980072332,1475452094.66
99.3333333333,[ 58.52586402  32.85294018],[ 1.  0.  1.  0.  0.],0.333333333333,7.85860338034,1475452094.66
99.6666666667,[ 58.74551917  33.08156765],[ 1.  0.  1.  0.  0.],0.666666666667,7.87715533527,1475452094.66
100.0,[ 58.96224558  33.30714674],[ 1.  0.  1.  0.  0.],1.0,7.8954599308,1475452094.95
100.333333333,[ 59.17608231  33.52971812],[ 1.  0.  1.  0.  0.],1.33333333333,7.91352046506,1475452094.95
100.666666667,[ 59.38706788  33.74932188],[ 1.  0.  1.  0.  0.],1.66666666667,7.93134019219,1475452094.95
101.0,[ 58.5952403   33.63266425],[ 0.  0.  0.  0.  1.],2.0,7.94892232296,1475452095.19
101.333333333,[ 57.81397043  33.18422873],[ 0.  0.  0.  0.  0.],0.0,7.88293669199,1475452095.19
101.666666667,[ 57.04311749  32.74177235],[ 0.  0.  0.  0.  0.],0.0,7.81783086943,1475452095.19
102.0,[ 57.28254259  33.30521538],[ 1.  0.  1.  0.  1.],0.0,7.7535931245,1475452095.47
102.333333333,[ 57.51877536  33.52781251],[ 1.  0.  1.  0.  0.],0.333333333333,7.77354521618,1475452095.47
102.666666667,[ 57.75185835  33.74744168],[ 1.  0.  1.  0.  0.],0.666666666667,7.79323127996,1475452095.47
103.0,[ 57.98183358  33.96414245],[ 1.  0.  1.  0.  0.],1.0,7.81265486289,1475452095.75
103.333333333,[ 58.20874246  34.17795389],[ 1.  0.  1.  0.  0.],1.33333333333,7.83181946472,1475452095.75
103.666666667,[ 58.4326259  34.3889145],[ 1.  0.  1.  0.  0.],1.66666666667,7.85072853853,1475452095.76
104.0,[ 58.65352422  34.59706231],[ 1.  0.  1.  0.  0.],2.0,7.86938549134,1475452096.04
104.333333333,[ 58.87147723  34.80243481],[ 1.  0.  1.  0.  0.],2.33333333333,7.88779368479,1475452096.04
104.666666667,[ 59.0865242   35.00506902],[ 1.  0.  1.  0.  0.],2.66666666667,7.90595643566,1475452096.04
105.0,[ 58.29870388  34.87166809],[ 0.  0.  0.  0.  1.],3.0,7.92387701652,1475452096.31
105.333333333,[ 57.52138782  34.40671252],[ 0.  0.  0.  0.  0.],0.0,7.85822532297,1475452096.31
105.666666667,[ 56.75443599  33.94795635],[ 0.  0.  0.  0.  0.],0.0,7.79344898533,1475452096.31
106.0,[ 56.99771017  34.49531694],[ 1.  0.  1.  0.  1.],0.0,7.72953633219,1475452096.59
106.333333333,[ 57.2377407   34.70204604],[ 1.  0.  1.  0.  0.],0.333333333333,7.74980918109,1475452096.59
106.666666667,[ 57.47457083  34.90601876],[ 1.  0.  1.  0.  0.],0.666666666667,7.76981172535,1475452096.59
107.0,[ 57.70824322  35.10727185],[ 1.  0.  1.  0.  0.],1.0,7.78954756901,1475452096.88
107.333333333,[ 57.93879997  35.30584155],[ 1.  0.  1.  0.  0.],1.33333333333,7.80902026809,1475452096.88
107.666666667,[ 58.16628264  35.50176367],[ 1.  0.  1.  0.  0.],1.66666666667,7.82823333118,1475452096.88
108.0,[ 57.39073221  35.36174015],[ 0.  0.  0.  0.  1.],2.0,7.8471902201,1475452097.16
108.333333333,[ 56.62552244  34.89025028],[ 0.  0.  0.  0.  0.],0.0,7.78256101716,1475452097.17
108.666666667,[ 55.87051548  34.42504695],[ 0.  0.  0.  0.  0.],0.0,7.71879353693,1475452097.17
109.0,[ 56.12557527  34.96604632],[ 1.  0.  1.  0.  1.],0.0,7.65587628978,1475452097.57
109.333333333,[ 56.37723427  35.16649904],[ 1.  0.  1.  0.  0.],0.333333333333,7.67713127258,1475452097.57
109.666666667,[ 56.62553781  35.36427905],[ 1.  0.  1.  0.  0.],0.666666666667,7.69810285561,1475452097.57
110.0,[ 56.87053064  35.55942199],[ 1.  0.  1.  0.  0.],1.0,7.71879481754,1475452097.8
110.333333333,[ 57.1122569   35.75196303],[ 1.  0.  1.  0.  0.],1.33333333333,7.73921088664,1475452097.8
110.666666667,[ 57.35076014  35.94193686],[ 1.  0.  1.  0.  0.],1.66666666667,7.75935474148,1475452097.8
111.0,[ 57.58608334  36.1293777 ],[ 1.  0.  1.  0.  0.],2.0,7.77923001159,1475452098.09
111.333333333,[ 57.81826889  36.31431933],[ 1.  0.  1.  0.  0.],2.33333333333,7.79884027811,1475452098.1
111.666666667,[ 58.04735864  36.49679508],[ 1.  0.  1.  0.  0.],2.66666666667,7.8181890744,1475452098.1
112.0,[ 57.27339386  36.34350447],[ 0.  0.  0.  0.  1.],3.0,7.83727988674,1475452098.37
112.333333333,[ 56.50974861  35.85892441],[ 0.  0.  0.  0.  0.],0.0,7.77278282158,1475452098.37
112.666666667,[ 55.75628529  35.38080542],[ 0.  0.  0.  0.  0.],0.0,7.70914571729,1475452098.37
113.0,[ 56.01286816  35.90906135],[ 1.  0.  1.  0.  1.],0.0,7.64635710773,1475452098.66
113.333333333,[ 56.26602991  36.09694053],[ 1.  0.  1.  0.  0.],0.333333333333,7.66773901296,1475452098.66
113.666666667,[ 56.51581618  36.28231466],[ 1.  0.  1.  0.  0.],0.666666666667,7.68883582612,1475452098.66
114.0,[ 56.76227197  36.46521713],[ 1.  0.  1.  0.  0.],1.0,7.70965134844,1475452098.94
114.333333333,[ 57.00544167  36.6456809 ],[ 1.  0.  1.  0.  0.],1.33333333333,7.73018933046,1475452098.94
114.666666667,[ 57.24536912  36.82373849],[ 1.  0.  1.  0.  0.],1.66666666667,7.75045347272,1475452098.94
115.0,[ 56.48209753  36.66608864],[ 0.  0.  0.  0.  1.],2.0,7.77044742642,1475452099.22
115.333333333,[ 55.7290029   36.17720746],[ 0.  0.  0.  0.  0.],0.0,7.70684146073,1475452099.22
115.666666667,[ 54.98594952  35.69484469],[ 0.  0.  0.  0.  0.],0.0,7.64408357459,1475452099.22
