./simulation results/2016-10-2_17-52-10.txt

Comfortable Program

simTime, model.x, model.u, model.d, model.z, systemTime

0.0,[ 1.  1.],[ 1.  0.  1.  0.  1.],0.0,3.0,1475448730.86
0.333333333333,[ 1.98666667  1.65333333],[ 1.  0.  1.  0.  0.],0.333333333333,3.08333333333,1475448730.9
0.666666666667,[ 2.96017778  2.29795556],[ 1.  0.  1.  0.  0.],0.666666666667,3.16555555556,1475448731.24
1.0,[ 3.92070874  2.93398281],[ 1.  0.  1.  0.  0.],1.0,3.24668148148,1475448731.79
1.33333333333,[ 4.86843262  3.56152971],[ 1.  0.  1.  0.  0.],1.33333333333,3.3267257284,1475448731.91
1.66666666667,[ 5.80352019  4.18070931],[ 1.  0.  1.  0.  0.],1.66666666667,3.40570271868,1475448732.24
2.0,[ 6.72613992  4.79163319],[ 1.  0.  1.  0.  0.],2.0,3.48362668243,1475448732.79
2.33333333333,[ 7.63645805  5.39441141],[ 1.  0.  1.  0.  0.],2.33333333333,3.56051166,1475448732.91
2.66666666667,[ 8.53463861  5.9891526 ],[ 1.  0.  1.  0.  0.],2.66666666667,3.63637150453,1475448733.24
3.0,[ 9.42084343  6.57596389],[ 1.  0.  1.  0.  0.],3.0,3.71121988447,1475448733.79
3.33333333333,[ 10.29523219   7.15495104],[ 1.  0.  1.  0.  0.],3.33333333333,3.78507028601,1475448733.91
3.66666666667,[ 11.15796242   7.72621836],[ 1.  0.  1.  0.  0.],3.66666666667,3.85793601553,1475448734.24
4.0,[ 10.00918959   9.28986878],[ 0.  0.  0.  1.  1.],4.0,3.92983020199,1475448734.78
4.33333333333,[ 10.87573373  10.16600387],[ 1.  0.  1.  0.  1.],0.0,3.83409913263,1475448734.91
4.66666666667,[ 11.73072395  10.69712381],[ 1.  0.  1.  0.  0.],0.333333333333,3.9063111442,1475448735.24
5.0,[ 12.57431429  11.22116216],[ 1.  0.  1.  0.  0.],0.666666666667,3.97756032894,1475448735.78
5.33333333333,[ 14.07332344  11.07154667],[ 1.  1.  0.  0.  0.],1.0,4.04785952456,1475448735.9
5.66666666667,[ 15.55234579  10.92392605],[ 1.  1.  0.  0.  0.],1.33333333333,4.17277695312,1475448736.24
6.0,[ 17.01164785  10.7782737 ],[ 1.  1.  0.  0.  0.],1.66666666667,4.29602881597,1475448736.78
6.33333333333,[ 18.45149254  10.63456338],[ 1.  1.  0.  0.  0.],2.0,4.41763732064,1475448736.9
6.66666666667,[ 19.20547264  11.15943587],[ 1.  0.  1.  0.  0.],2.33333333333,4.53762437859,1475448737.24
7.0,[ 19.94939967  11.67731006],[ 1.  0.  1.  0.  0.],2.66666666667,4.60045605354,1475448737.78
7.33333333333,[ 20.68340768  12.18827926],[ 1.  0.  1.  0.  0.],3.0,4.66244997283,1475448737.9
7.66666666667,[ 22.07429558  12.02576887],[ 1.  1.  0.  0.  0.],3.33333333333,4.72361730652,1475448738.24
8.0,[ 23.4466383   11.86542528],[ 1.  1.  0.  0.  0.],3.66666666667,4.83952463132,1475448738.78
8.33333333333,[ 24.80068312  11.70721961],[ 1.  1.  0.  0.  0.],4.0,4.95388652513,1475448738.9
8.66666666667,[ 26.13667402  11.55112335],[ 1.  1.  0.  0.  0.],4.33333333333,5.06672359368,1475448739.24
9.0,[ 27.4548517   11.39710837],[ 1.  1.  0.  0.  0.],4.66666666667,5.17805616799,1475448739.79
9.33333333333,[ 28.75545367  11.24514693],[ 1.  1.  0.  0.  0.],5.0,5.28790430797,1475448739.91
9.66666666667,[ 30.03871429  11.09521164],[ 1.  1.  0.  0.  0.],5.33333333333,5.39628780609,1475448740.24
10.0,[ 29.30486477  13.28060881],[ 0.  1.  1.  1.  1.],5.66666666667,5.5032261909,1475448740.8
10.3333333333,[ 30.5807999   13.43686736],[ 1.  1.  0.  0.  1.],0.0,5.44207206391,1475448740.91
10.6666666667,[ 31.83972257  13.25770913],[ 1.  1.  0.  0.  0.],0.333333333333,5.54839999194,1475448741.24
11.0,[ 33.0818596   13.08093968],[ 1.  1.  0.  0.  0.],0.666666666667,5.65331021427,1475448741.78
11.3333333333,[ 34.30743481  12.90652715],[ 1.  1.  0.  0.  0.],1.0,5.75682163364,1475448741.9
11.6666666667,[ 34.85000234  13.40110679],[ 1.  0.  1.  0.  0.],1.33333333333,5.85895290074,1475448742.24
12.0,[ 35.38533565  13.88909203],[ 1.  0.  1.  0.  0.],1.66666666667,5.90416686207,1475448742.78
12.3333333333,[ 35.91353117  14.3705708 ],[ 1.  0.  1.  0.  0.],2.0,5.94877797057,1475448742.9
12.6666666667,[ 36.43468409  14.84562986],[ 1.  0.  1.  0.  0.],2.33333333333,5.9927942643,1475448743.24
13.0,[ 36.9488883   15.31435479],[ 1.  0.  1.  0.  0.],2.66666666667,6.03622367411,1475448743.77
13.3333333333,[ 37.45623646  15.77683006],[ 1.  0.  1.  0.  0.],3.0,6.07907402512,1475448743.9
13.6666666667,[ 37.95681997  16.233139  ],[ 1.  0.  1.  0.  0.],3.33333333333,6.12135303812,1475448744.24
14.0,[ 38.45072904  16.68336381],[ 1.  0.  1.  0.  0.],3.66666666667,6.16306833094,1475448744.78
14.3333333333,[ 38.93805265  17.12758562],[ 1.  0.  1.  0.  0.],4.0,6.20422741986,1475448744.9
14.6666666667,[ 39.41887862  17.56588448],[ 1.  0.  1.  0.  0.],4.33333333333,6.24483772093,1475448745.24
15.0,[ 39.89329357  17.99833936],[ 1.  0.  1.  0.  0.],4.66666666667,6.28490655132,1475448745.78
15.3333333333,[ 40.36138299  18.42502816],[ 1.  0.  1.  0.  0.],5.0,6.32444113064,1475448745.91
15.6666666667,[ 40.82323121  18.84602779],[ 1.  0.  1.  0.  0.],5.33333333333,6.36344858223,1475448746.24
16.0,[ 41.27892146  19.26141409],[ 1.  0.  1.  0.  0.],5.66666666667,6.40193593447,1475448746.8
16.3333333333,[ 41.72853584  19.6712619 ],[ 1.  0.  1.  0.  0.],6.0,6.43991012201,1475448746.91
16.6666666667,[ 42.17215537  20.07564507],[ 1.  0.  1.  0.  0.],6.33333333333,6.47737798705,1475448747.24
17.0,[ 40.60985996  21.47463647],[ 0.  0.  0.  1.  1.],6.66666666667,6.51434628055,1475448747.78
17.3333333333,[ 41.06839516  22.18830799],[ 1.  0.  1.  0.  1.],0.0,6.38415499681,1475448747.91
17.6666666667,[ 41.52081656  22.55913055],[ 1.  0.  1.  0.  0.],0.333333333333,6.42236626352,1475448748.24
18.0,[ 41.96720567  22.9250088 ],[ 1.  0.  1.  0.  0.],0.666666666667,6.46006804667,1475448748.78
18.3333333333,[ 42.40764293  23.28600869],[ 1.  0.  1.  0.  0.],1.0,6.49726713938,1475448748.91
18.6666666667,[ 42.84220769  23.64219524],[ 1.  0.  1.  0.  0.],1.33333333333,6.53397024419,1475448749.24
19.0,[ 43.27097826  23.99363263],[ 1.  0.  1.  0.  0.],1.66666666667,6.57018397427,1475448749.77
19.3333333333,[ 43.69403188  24.3403842 ],[ 1.  0.  1.  0.  0.],2.0,6.60591485461,1475448749.9
19.6666666667,[ 44.11144479  24.68251241],[ 1.  0.  1.  0.  0.],2.33333333333,6.64116932322,1475448750.24
20.0,[ 44.52329219  25.02007891],[ 1.  0.  1.  0.  0.],2.66666666667,6.67595373224,1475448750.78
20.3333333333,[ 44.92964829  25.35314453],[ 1.  0.  1.  0.  0.],3.0,6.71027434915,1475448750.91
20.6666666667,[ 45.33058632  25.68176927],[ 1.  0.  1.  0.  0.],3.33333333333,6.74413735782,1475448751.24
21.0,[ 45.7261785   26.00601234],[ 1.  0.  1.  0.  0.],3.66666666667,6.77754885972,1475448751.78
21.3333333333,[ 46.11649612  26.32593218],[ 1.  0.  1.  0.  0.],4.0,6.81051487492,1475448751.91
21.6666666667,[ 46.5016095   26.64158642],[ 1.  0.  1.  0.  0.],4.33333333333,6.84304134326,1475448752.24
22.0,[ 46.88158804  26.95303193],[ 1.  0.  1.  0.  0.],4.66666666667,6.87513412535,1475448752.77
22.3333333333,[ 47.2565002   27.26032484],[ 1.  0.  1.  0.  0.],5.0,6.90679900368,1475448752.91
22.6666666667,[ 47.62641353  27.56352051],[ 1.  0.  1.  0.  0.],5.33333333333,6.93804168363,1475448753.24
23.0,[ 47.99139469  27.86267357],[ 1.  0.  1.  0.  0.],5.66666666667,6.96886779451,1475448753.78
23.3333333333,[ 48.35150942  28.15783792],[ 1.  0.  1.  0.  0.],6.0,6.99928289058,1475448753.91
23.6666666667,[ 48.70682263  28.44906675],[ 1.  0.  1.  0.  0.],6.33333333333,7.02929245204,1475448754.24
24.0,[ 48.724065    29.06974586],[ 0.  1.  1.  0.  1.],6.66666666667,7.05890188602,1475448754.78
24.3333333333,[ 49.0744108   29.68214925],[ 1.  0.  1.  0.  1.],0.0,7.06033874976,1475448754.91
24.6666666667,[ 49.42008532  29.95305392],[ 1.  0.  1.  0.  0.],0.333333333333,7.0895342331,1475448755.24
25.0,[ 49.76115085  30.22034654],[ 1.  0.  1.  0.  0.],0.666666666667,7.11834044332,1475448755.77
25.3333333333,[ 50.09766884  30.48407525],[ 1.  0.  1.  0.  0.],1.0,7.14676257074,1475448755.91
25.6666666667,[ 50.42969992  30.74428758],[ 1.  0.  1.  0.  0.],1.33333333333,7.17480573647,1475448756.24
26.0,[ 50.75730392  31.00103041],[ 1.  0.  1.  0.  0.],1.66666666667,7.20247499331,1475448756.78
26.3333333333,[ 51.74720654  30.58768334],[ 1.  1.  0.  0.  0.],2.0,7.22977532674,1475448756.91
26.6666666667,[ 52.05724378  30.84651423],[ 1.  0.  1.  0.  0.],2.33333333333,7.31226721127,1475448757.24
27.0,[ 52.3631472   31.10189404],[ 1.  0.  1.  0.  0.],2.66666666667,7.33810364845,1475448757.78
27.3333333333,[ 52.6649719   31.35386878],[ 1.  0.  1.  0.  0.],3.0,7.36359559981,1475448757.91
27.6666666667,[ 52.96277228  31.60248387],[ 1.  0.  1.  0.  0.],3.33333333333,7.38874765847,1475448758.24
28.0,[ 53.25660198  31.84778408],[ 1.  0.  1.  0.  0.],3.66666666667,7.41356435636,1475448758.78
28.3333333333,[ 53.54651395  32.08981363],[ 1.  0.  1.  0.  0.],4.0,7.43805016494,1475448758.91
28.6666666667,[ 53.83256043  32.32861611],[ 1.  0.  1.  0.  0.],4.33333333333,7.46220949608,1475448779.25
29.0,[ 54.11479296  32.56423456],[ 1.  0.  1.  0.  0.],4.66666666667,7.4860467028,1475448779.47
29.3333333333,[ 54.39326239  32.79671144],[ 1.  0.  1.  0.  0.],5.0,7.50956608009,1475448779.48
29.6666666667,[ 54.66801889  33.02608862],[ 1.  0.  1.  0.  0.],5.33333333333,7.53277186569,1475448779.48
30.0,[ 54.93911197  33.25240744],[ 1.  0.  1.  0.  0.],5.66666666667,7.55566824082,1475448779.7
30.3333333333,[ 55.20659048  33.47570867],[ 1.  0.  1.  0.  0.],6.0,7.57825933094,1475448779.7
30.6666666667,[ 55.47050261  33.69603256],[ 1.  0.  1.  0.  0.],6.33333333333,7.60054920653,1475448779.7
31.0,[ 55.7308959   33.91341879],[ 1.  0.  1.  0.  0.],6.66666666667,7.62254188377,1475448799.95
31.3333333333,[ 55.98781729  34.12790654],[ 1.  0.  1.  0.  0.],7.0,7.64424132532,1475448799.96
31.6666666667,[ 56.24131306  34.33953445],[ 1.  0.  1.  0.  0.],7.33333333333,7.66565144098,1475448799.96
32.0,[ 55.49142889  34.21500732],[ 0.  0.  0.  0.  1.],7.66666666667,7.68677608844,1475448800.3
32.3333333333,[ 54.75154317  33.75880723],[ 0.  0.  0.  0.  0.],0.0,7.62428574059,1475448800.3
32.6666666667,[ 55.02152259  34.3086898 ],[ 1.  0.  1.  0.  1.],0.0,7.56262859738,1475448800.3
33.0,[ 55.28790229  34.51790727],[ 1.  0.  1.  0.  0.],0.333333333333,7.58512688275,1475448800.54
33.3333333333,[ 55.55073026  34.72433517],[ 1.  0.  1.  0.  0.],0.666666666667,7.60732519098,1475448800.54
33.6666666667,[ 55.81005386  34.9280107 ],[ 1.  0.  1.  0.  0.],1.0,7.62922752177,1475448800.54
34.0,[ 56.06591981  35.12897056],[ 1.  0.  1.  0.  0.],1.33333333333,7.65083782148,1475448800.79
34.3333333333,[ 56.31837421  35.32725095],[ 1.  0.  1.  0.  0.],1.66666666667,7.67215998386,1475448800.79
34.6666666667,[ 56.56746255  35.5228876 ],[ 1.  0.  1.  0.  0.],2.0,7.69319785074,1475448800.79
35.0,[ 56.81322972  35.71591577],[ 1.  0.  1.  0.  0.],2.33333333333,7.71395521273,1475448801.03
35.3333333333,[ 57.05571999  35.90637023],[ 1.  0.  1.  0.  0.],2.66666666667,7.73443580989,1475448801.03
35.6666666667,[ 57.29497706  36.09428529],[ 1.  0.  1.  0.  0.],3.0,7.75464333243,1475448801.03
36.0,[ 57.53104403  36.27969482],[ 1.  0.  1.  0.  0.],3.33333333333,7.77458142133,1475448801.32
36.3333333333,[ 57.76396344  36.46263222],[ 1.  0.  1.  0.  0.],3.66666666667,7.79425366905,1475448801.32
36.6666666667,[ 57.99377726  36.64313046],[ 1.  0.  1.  0.  0.],4.0,7.81366362013,1475448801.32
37.0,[ 57.2205269   36.48788872],[ 0.  0.  0.  0.  1.],4.33333333333,7.83281477186,1475448801.59
37.3333333333,[ 56.45758654  36.00138354],[ 0.  0.  0.  0.  0.],0.0,7.76837724157,1475448801.59
37.6666666667,[ 55.70481872  35.52136509],[ 0.  0.  0.  0.  0.],0.0,7.70479887834,1475448801.6
38.0,[ 55.9620878   36.04774689],[ 1.  0.  1.  0.  1.],0.0,7.64206822663,1475448801.88
38.3333333333,[ 56.21592663  36.23377693],[ 1.  0.  1.  0.  0.],0.333333333333,7.66350731694,1475448801.88
38.6666666667,[ 56.46638094  36.41732657],[ 1.  0.  1.  0.  0.],0.666666666667,7.68466055272,1475448801.88
39.0,[ 56.71349586  36.59842888],[ 1.  0.  1.  0.  0.],1.0,7.70553174535,1475448802.17
39.3333333333,[ 56.95731592  36.7771165 ],[ 1.  0.  1.  0.  0.],1.33333333333,7.72612465541,1475448802.17
39.6666666667,[ 57.19788504  36.95342161],[ 1.  0.  1.  0.  0.],1.66666666667,7.74644299334,1475448802.17
40.0,[ 56.43524657  36.79404266],[ 0.  0.  0.  0.  1.],2.0,7.76649042009,1475448802.45
40.3333333333,[ 56.34944329  36.97012209],[ 0.  1.  1.  0.  0.],0.0,7.70293721449,1475448802.45
40.6666666667,[ 55.59811738  36.47718713],[ 0.  0.  0.  0.  0.],0.0,7.69578694052,1475448802.45
41.0,[ 55.85680914  36.99082463],[ 1.  0.  1.  0.  1.],0.0,7.63317644798,1475448802.73
41.3333333333,[ 56.77871836  36.49761364],[ 1.  1.  0.  0.  0.],0.333333333333,7.65473409534,1475448802.73
41.6666666667,[ 57.02166878  36.67764545],[ 1.  0.  1.  0.  0.],0.666666666667,7.73155986296,1475448802.73
42.0,[ 57.26137986  36.85527685],[ 1.  0.  1.  0.  0.],1.0,7.75180573145,1475448803.01
42.3333333333,[ 57.4978948   37.03053982],[ 1.  0.  1.  0.  0.],1.33333333333,7.77178165503,1475448803.01
42.6666666667,[ 57.7312562   37.20346596],[ 1.  0.  1.  0.  0.],1.66666666667,7.79149123297,1475448803.02
43.0,[ 56.96150612  37.04075308],[ 0.  0.  0.  0.  1.],2.0,7.81093801653,1475448803.31
43.3333333333,[ 56.20201937  36.54687637],[ 0.  0.  0.  0.  0.],0.0,7.74679217631,1475448803.31
43.6666666667,[ 55.45265911  36.05958469],[ 0.  0.  0.  0.  0.],0.0,7.68350161396,1475448803.31
44.0,[ 55.71329032  36.57879022],[ 1.  0.  1.  0.  1.],0.0,7.62105492577,1475448803.54
44.3333333333,[ 55.97044645  36.75773969],[ 1.  0.  1.  0.  0.],0.333333333333,7.64277419343,1475448803.54
44.6666666667,[ 56.22417383  36.93430316],[ 1.  0.  1.  0.  0.],0.666666666667,7.66420387085,1475448803.55
45.0,[ 56.47451818  37.10851245],[ 1.  0.  1.  0.  0.],1.0,7.68534781924,1475448803.78
45.3333333333,[ 56.7215246   37.28039895],[ 1.  0.  1.  0.  0.],1.33333333333,7.70620984831,1475448803.78
45.6666666667,[ 56.96523761  37.44999363],[ 1.  0.  1.  0.  0.],1.66666666667,7.726793717,1475448803.78
46.0,[ 56.20570111  37.28399372],[ 0.  0.  0.  0.  1.],2.0,7.74710313411,1475448804.07
46.3333333333,[ 55.45629176  36.7868738 ],[ 0.  0.  0.  0.  0.],0.0,7.68380842565,1475448804.07
46.6666666667,[ 54.71687454  36.29638215],[ 0.  0.  0.  0.  0.],0.0,7.62135764665,1475448804.07
47.0,[ 54.98731621  36.81243039],[ 1.  0.  1.  0.  1.],0.0,7.55973954469,1475448804.3
47.3333333333,[ 55.92081866  36.32159798],[ 1.  1.  0.  0.  0.],0.333333333333,7.58227635076,1475448804.3
47.6666666667,[ 56.17520774  36.50397668],[ 1.  0.  1.  0.  0.],0.666666666667,7.66006822164,1475448804.3
48.0,[ 56.42620497  36.68392365],[ 1.  0.  1.  0.  0.],1.0,7.68126731202,1475448804.59
48.3333333333,[ 56.67385557  36.86147134],[ 1.  0.  1.  0.  0.],1.33333333333,7.70218374786,1475448804.59
48.6666666667,[ 56.91820417  37.03665172],[ 1.  0.  1.  0.  0.],1.66666666667,7.72282129789,1475448804.59
49.0,[ 57.15929478  37.20949636],[ 1.  0.  1.  0.  0.],2.0,7.74318368058,1475448804.87
49.3333333333,[ 57.39717085  37.38003641],[ 1.  0.  1.  0.  0.],2.33333333333,7.76327456484,1475448804.87
49.6666666667,[ 57.63187524  37.54830259],[ 1.  0.  1.  0.  0.],2.66666666667,7.78309757064,1475448804.87
50.0,[ 56.86345023  37.38099189],[ 0.  0.  0.  0.  1.],3.0,7.8026562697,1475448805.15
50.3333333333,[ 56.1052709   36.88257867],[ 0.  0.  0.  0.  0.],0.0,7.73862085277,1475448805.15
50.6666666667,[ 55.35720062  36.39081095],[ 0.  0.  0.  0.  0.],0.0,7.6754392414,1475448805.15
51.0,[ 55.61910461  36.90560014],[ 1.  0.  1.  0.  1.],0.0,7.61310005152,1475448805.39
51.3333333333,[ 55.87751655  37.08019214],[ 1.  0.  1.  0.  0.],0.333333333333,7.63492538416,1475448805.39
51.6666666667,[ 56.13248299  37.25245624],[ 1.  0.  1.  0.  0.],0.666666666667,7.65645971237,1475448805.39
52.0,[ 56.38404989  37.42242349],[ 1.  0.  1.  0.  0.],1.0,7.67770691621,1475448825.67
52.3333333333,[ 56.63226256  37.59012451],[ 1.  0.  1.  0.  0.],1.33333333333,7.69867082399,1475448825.67
52.6666666667,[ 56.87716572  37.75558952],[ 1.  0.  1.  0.  0.],1.66666666667,7.71935521301,1475448825.67
53.0,[ 56.11880351  37.58551499],[ 0.  0.  0.  0.  1.],2.0,7.73976381017,1475448825.92
53.3333333333,[ 55.3705528   37.08437479],[ 0.  0.  0.  0.  0.],0.0,7.67656695936,1475448825.92
53.6666666667,[ 54.63227876  36.58991646],[ 0.  0.  0.  0.  0.],0.0,7.61421273324,1475448825.92
54.0,[ 54.90384838  37.10205091],[ 1.  0.  1.  0.  1.],0.0,7.5526898968,1475448826.15
54.3333333333,[ 55.17179707  37.27402356],[ 1.  0.  1.  0.  0.],0.333333333333,7.57532069817,1475448826.15
54.6666666667,[ 55.43617311  37.44370325],[ 1.  0.  1.  0.  0.],0.666666666667,7.59764975553,1475448826.15
55.0,[ 55.69702413  37.61112054],[ 1.  0.  1.  0.  0.],1.0,7.61968109212,1475448826.38
55.3333333333,[ 55.95439714  37.7763056 ],[ 1.  0.  1.  0.  0.],1.33333333333,7.64141867756,1475448826.38
55.6666666667,[ 56.20833851  37.93928819],[ 1.  0.  1.  0.  0.],1.66666666667,7.66286642853,1475448826.38
56.0,[ 56.458894    38.10009768],[ 1.  0.  1.  0.  0.],2.0,7.68402820948,1475448826.66
56.3333333333,[ 56.70610875  38.25876305],[ 1.  0.  1.  0.  0.],2.33333333333,7.70490783335,1475448826.66
56.6666666667,[ 56.9500273   38.41531287],[ 1.  0.  1.  0.  0.],2.66666666667,7.72550906224,1475448826.66
57.0,[ 56.1906936   38.23644203],[ 0.  0.  0.  0.  1.],3.0,7.74583560808,1475448826.94
57.3333333333,[ 55.44148435  37.72662281],[ 0.  0.  0.  0.  0.],0.0,7.68255779997,1475448826.94
57.6666666667,[ 54.70226456  37.22360117],[ 0.  0.  0.  0.  0.],0.0,7.62012369597,1475448826.94
58.0,[ 54.97290103  37.72728649],[ 1.  0.  1.  0.  1.],0.0,7.55852204669,1475448827.17
58.3333333333,[ 55.23992902  37.89092267],[ 1.  0.  1.  0.  0.],0.333333333333,7.58107508607,1475448827.17
58.6666666667,[ 55.50339663  38.05237703],[ 1.  0.  1.  0.  0.],0.666666666667,7.60332741825,1475448827.17
59.0,[ 55.76335134  38.21167867],[ 1.  0.  1.  0.  0.],1.0,7.62528305268,1475448827.46
59.3333333333,[ 56.01983999  38.36885629],[ 1.  0.  1.  0.  0.],1.33333333333,7.64694594531,1475448827.46
59.6666666667,[ 56.27290879  38.5239382 ],[ 1.  0.  1.  0.  0.],1.66666666667,7.66831999937,1475448827.46
60.0,[ 55.52260334  38.34361903],[ 0.  0.  0.  0.  1.],2.0,7.68940906605,1475448827.75
60.3333333333,[ 54.78230196  37.83237077],[ 0.  0.  0.  0.  0.],0.0,7.62688361183,1475448827.75
60.6666666667,[ 54.05187127  37.32793916],[ 0.  0.  0.  0.  0.],0.0,7.56519183034,1475448827.75
61.0,[ 54.33117965  37.83023331],[ 1.  0.  1.  0.  1.],0.0,7.50432260594,1475448827.98
61.3333333333,[ 55.27343059  37.3258302 ],[ 1.  1.  0.  0.  0.],0.333333333333,7.52759830452,1475448827.98
61.6666666667,[ 55.53645152  37.49481913],[ 1.  0.  1.  0.  0.],0.666666666667,7.60611921602,1475448827.98
62.0,[ 55.7959655   37.66155487],[ 1.  0.  1.  0.  0.],1.0,7.62803762647,1475448828.21
62.3333333333,[ 56.05201929  37.82606748],[ 1.  0.  1.  0.  0.],1.33333333333,7.64966379145,1475448828.21
62.6666666667,[ 56.30465903  37.98838658],[ 1.  0.  1.  0.  0.],1.66666666667,7.67100160757,1475448828.21
63.0,[ 56.55393025  38.14854142],[ 1.  0.  1.  0.  0.],2.0,7.69205491947,1475448828.49
63.3333333333,[ 56.79987784  38.30656087],[ 1.  0.  1.  0.  0.],2.33333333333,7.71282752054,1475448828.49
63.6666666667,[ 57.04254614  38.46247339],[ 1.  0.  1.  0.  0.],2.66666666667,7.7333231536,1475448828.49
64.0,[ 56.28197886  38.28297375],[ 0.  0.  0.  0.  1.],3.0,7.75354551155,1475448828.76
64.3333333333,[ 55.53155247  37.7725341 ],[ 0.  0.  0.  0.  0.],0.0,7.69016490473,1475448828.76
64.6666666667,[ 54.79113177  37.26890031],[ 0.  0.  0.  0.  0.],0.0,7.62762937267,1475448828.77
65.0,[ 55.06058335  37.77198164],[ 1.  0.  1.  0.  1.],0.0,7.5659276477,1475448829.0
65.3333333333,[ 55.32644224  37.93502188],[ 1.  0.  1.  0.  0.],0.333333333333,7.58838194573,1475448829.0
65.6666666667,[ 55.58875634  38.09588826],[ 1.  0.  1.  0.  0.],0.666666666667,7.61053685312,1475448829.0
66.0,[ 55.84757292  38.25460975],[ 1.  0.  1.  0.  0.],1.0,7.63239636174,1475448829.27
66.3333333333,[ 56.10293862  38.41121495],[ 1.  0.  1.  0.  0.],1.33333333333,7.65396441025,1475448829.27
66.6666666667,[ 56.35489944  38.56573208],[ 1.  0.  1.  0.  0.],1.66666666667,7.67524488478,1475448829.27
67.0,[ 55.60350078  38.38485566],[ 0.  0.  0.  0.  1.],2.0,7.69624161965,1475448829.57
67.3333333333,[ 54.86212077  37.87305758],[ 0.  0.  0.  0.  0.],0.0,7.63362506473,1475448829.57
67.6666666667,[ 54.13062582  37.36808348],[ 0.  0.  0.  0.  0.],0.0,7.5718433972,1475448829.57
68.0,[ 54.40888415  37.86984237],[ 1.  0.  1.  0.  1.],0.0,7.51088548523,1475448829.8
68.3333333333,[ 54.68343236  38.0315778 ],[ 1.  0.  1.  0.  0.],0.333333333333,7.53407367876,1475448829.8
68.6666666667,[ 54.95431993  38.19115676],[ 1.  0.  1.  0.  0.],0.666666666667,7.55695269638,1475448829.8
69.0,[ 55.22159566  38.34860801],[ 1.  0.  1.  0.  0.],1.0,7.57952666043,1475448830.03
69.3333333333,[ 55.48530772  38.5039599 ],[ 1.  0.  1.  0.  0.],1.33333333333,7.60179963829,1475448830.03
69.6666666667,[ 55.74550361  38.65724044],[ 1.  0.  1.  0.  0.],1.66666666667,7.62377564311,1475448830.03
70.0,[ 56.00223023  38.80847723],[ 1.  0.  1.  0.  0.],2.0,7.64545863454,1475448830.31
70.3333333333,[ 56.25553383  38.95769753],[ 1.  0.  1.  0.  0.],2.33333333333,7.66685251941,1475448830.31
70.6666666667,[ 56.50546005  39.10492823],[ 1.  0.  1.  0.  0.],2.66666666667,7.68796115248,1475448830.31
71.0,[ 55.75205391  38.91686252],[ 0.  0.  0.  0.  1.],3.0,7.70878833712,1475448830.58
71.3333333333,[ 55.00869319  38.39797102],[ 0.  0.  0.  0.  0.],0.0,7.64600449262,1475448830.58
71.6666666667,[ 54.27524395  37.88599808],[ 0.  0.  0.  0.  0.],0.0,7.58405776605,1475448830.58
72.0,[ 54.55157403  38.38085143],[ 1.  0.  1.  0.  1.],0.0,7.52293699584,1475448830.81
72.3333333333,[ 54.82421971  38.53577342],[ 1.  0.  1.  0.  0.],0.333333333333,7.54596450256,1475448830.81
72.6666666667,[ 55.09323011  38.68862977],[ 1.  0.  1.  0.  0.],0.666666666667,7.56868497586,1475448830.81
73.0,[ 55.35865371  38.83944804],[ 1.  0.  1.  0.  0.],1.0,7.59110250952,1475448831.09
73.3333333333,[ 56.287205    38.32158873],[ 1.  1.  0.  0.  0.],1.33333333333,7.61322114272,1475448831.1
73.6666666667,[ 56.53670893  38.47730088],[ 1.  0.  1.  0.  0.],1.66666666667,7.69060041638,1475448831.1
74.0,[ 55.78288614  38.29760354],[ 0.  0.  0.  0.  1.],2.0,7.71139241082,1475448831.38
74.3333333333,[ 55.03911433  37.78696882],[ 0.  0.  0.  0.  0.],0.0,7.64857384535,1475448831.38
74.6666666667,[ 54.30525947  37.28314257],[ 0.  0.  0.  0.  0.],0.0,7.58659286074,1475448831.39
75.0,[ 54.58118934  37.78603401],[ 1.  0.  1.  0.  1.],0.0,7.52543828927,1475448851.62
75.3333333333,[ 54.85344015  37.94888689],[ 1.  0.  1.  0.  0.],0.333333333333,7.54843244541,1475448851.62
75.6666666667,[ 55.12206095  38.10956839],[ 1.  0.  1.  0.  0.],0.666666666667,7.5711200128,1475448851.62
76.0,[ 55.38710014  38.26810748],[ 1.  0.  1.  0.  0.],1.0,7.5935050793,1475448851.86
76.3333333333,[ 55.64860547  38.42453272],[ 1.  0.  1.  0.  0.],1.33333333333,7.61559167824,1475448851.86
76.6666666667,[ 55.90662406  38.57887228],[ 1.  0.  1.  0.  0.],1.66666666667,7.6373837892,1475448851.86
77.0,[ 56.82786908  38.06448732],[ 1.  1.  0.  0.  0.],2.0,7.65888533868,1475448852.14
77.3333333333,[ 57.07016416  38.22362748],[ 1.  0.  1.  0.  0.],2.33333333333,7.73565575638,1475448852.14
77.6666666667,[ 57.30922863  38.38064578],[ 1.  0.  1.  0.  0.],2.66666666667,7.75584701296,1475448852.14
78.0,[ 56.54510559  38.20223717],[ 0.  0.  0.  0.  1.],3.0,7.77576905279,1475448852.42
78.3333333333,[ 55.79117084  37.69287401],[ 0.  0.  0.  0.  0.],0.0,7.71209213209,1475448852.42
78.6666666667,[ 55.04728857  37.19030236],[ 0.  0.  0.  0.  0.],0.0,7.64926423699,1475448852.42
79.0,[ 55.31332472  37.69443166],[ 1.  0.  1.  0.  1.],0.0,7.58727404717,1475448852.65
79.3333333333,[ 55.57581372  37.8585059 ],[ 1.  0.  1.  0.  0.],0.333333333333,7.60944372654,1475448852.65
79.6666666667,[ 55.83480287  38.02039249],[ 1.  0.  1.  0.  0.],0.666666666667,7.63131781018,1475448852.65
80.0,[ 56.09033883  38.18012059],[ 1.  0.  1.  0.  0.],1.0,7.65290023938,1475448852.93
80.3333333333,[ 56.34246765  38.33771898],[ 1.  0.  1.  0.  0.],1.33333333333,7.67419490286,1475448852.93
80.6666666667,[ 57.25790141  37.8265494 ],[ 1.  1.  0.  0.  0.],1.66666666667,7.69520563748,1475448852.93
81.0,[ 58.1611294   37.32219541],[ 1.  1.  0.  0.  0.],2.0,7.77149178454,1475448853.16
81.3333333333,[ 59.05231434  36.82456613],[ 1.  1.  0.  0.  0.],2.33333333333,7.84676078297,1475448853.16
81.6666666667,[ 59.93161681  36.33357192],[ 1.  1.  0.  0.  0.],2.66666666667,7.92102619475,1475448853.16
82.0,[ 60.79919526  35.84912429],[ 1.  1.  0.  0.  0.],3.0,7.99430140104,1475448853.38
82.3333333333,[ 61.65520598  35.37113597],[ 1.  1.  0.  0.  0.],3.33333333333,8.06659960459,1475448853.38
82.6666666667,[ 62.49980324  34.89952082],[ 1.  1.  0.  0.  0.],3.66666666667,8.13793383208,1475448853.38
83.0,[ 63.3331392   34.43419388],[ 1.  1.  0.  0.  0.],4.0,8.20831693654,1475448853.6
83.3333333333,[ 64.15536401  33.97507129],[ 1.  1.  0.  0.  0.],4.33333333333,8.27776159961,1475448853.61
83.6666666667,[ 64.96662582  33.52207034],[ 1.  1.  0.  0.  0.],4.66666666667,8.34628033384,1475448853.61
84.0,[ 65.10040414  33.74177607],[ 1.  0.  1.  0.  0.],5.0,8.41388548494,1475448853.84
84.3333333333,[ 65.89906542  33.29188572],[ 1.  1.  0.  0.  0.],5.33333333333,8.42503367848,1475448853.84
84.6666666667,[ 66.68707788  32.84799391],[ 1.  1.  0.  0.  0.],5.66666666667,8.49158878498,1475448853.84
85.0,[ 67.46458351  32.41002066],[ 1.  1.  0.  0.  0.],6.0,8.55725649007,1475448854.06
85.3333333333,[ 67.56505573  32.64455372],[ 1.  0.  1.  0.  0.],6.33333333333,8.62204862576,1475448854.06
85.6666666667,[ 68.33085499  32.209293  ],[ 1.  1.  0.  0.  0.],6.66666666667,8.63042131075,1475448854.07
86.0,[ 69.08644359  31.77983576],[ 1.  1.  0.  0.  0.],7.0,8.6942379155,1475448854.29
86.3333333333,[ 69.83195767  31.35610462],[ 1.  1.  0.  0.  0.],7.33333333333,8.75720363218,1475448854.29
86.6666666667,[ 70.56753157  30.93802323],[ 1.  1.  0.  0.  0.],7.66666666667,8.81932980597,1475448854.29
87.0,[ 71.29329782  30.52551625],[ 1.  1.  0.  0.  0.],8.0,8.88062763078,1475448854.52
87.3333333333,[ 72.00938718  30.11850937],[ 1.  1.  0.  0.  0.],8.33333333333,8.94110815126,1475448854.52
87.6666666667,[ 72.71592868  29.71692924],[ 1.  1.  0.  0.  0.],8.66666666667,9.0007822648,1475448854.53
88.0,[ 72.41304963  30.32070352],[ 0.  1.  1.  0.  1.],9.0,9.05966072349,1475448854.76
88.3333333333,[ 73.11420897  30.2497608 ],[ 1.  1.  0.  0.  1.],0.0,9.03442080273,1475448854.76
88.6666666667,[ 73.80601952  29.84643066],[ 1.  1.  0.  0.  0.],0.333333333333,9.09285074759,1475448854.76
89.0,[ 74.48860592  29.44847825],[ 1.  1.  0.  0.  0.],0.666666666667,9.15050162651,1475448854.98
89.3333333333,[ 75.16209118  29.05583187],[ 1.  1.  0.  0.  0.],1.0,9.20738382704,1475448854.98
89.6666666667,[ 75.82659663  28.66842078],[ 1.  1.  0.  0.  0.],1.33333333333,9.26350759824,1475448854.99
90.0,[ 76.48224201  28.28617517],[ 1.  1.  0.  0.  0.],1.66666666667,9.31888305248,1475448855.21
90.3333333333,[ 77.12914545  27.90902617],[ 1.  1.  0.  0.  0.],2.0,9.37352016734,1475448855.21
90.6666666667,[ 77.76742351  27.53690582],[ 1.  1.  0.  0.  0.],2.33333333333,9.42742878733,1475448855.21
91.0,[ 78.3971912   27.16974708],[ 1.  1.  0.  0.  0.],2.66666666667,9.48061862572,1475448855.43
91.3333333333,[ 79.01856198  26.80748378],[ 1.  1.  0.  0.  0.],3.0,9.53309926627,1475448855.43
91.6666666667,[ 79.63164782  26.45005067],[ 1.  1.  0.  0.  0.],3.33333333333,9.58488016494,1475448855.43
92.0,[ 80.23655918  26.09738332],[ 1.  1.  0.  0.  0.],3.66666666667,9.63597065163,1475448855.66
92.3333333333,[ 80.83340506  25.74941821],[ 1.  1.  0.  0.  0.],4.0,9.68637993183,1475448855.66
92.6666666667,[ 81.42229299  25.40609264],[ 1.  1.  0.  0.  0.],4.33333333333,9.73611708829,1475448855.67
93.0,[ 82.00332909  25.06734473],[ 1.  1.  0.  0.  0.],4.66666666667,9.78519108267,1475448855.89
93.3333333333,[ 82.57661803  24.73311347],[ 1.  1.  0.  0.  0.],5.0,9.83361075712,1475448855.89
93.6666666667,[ 83.14226312  24.40333863],[ 1.  1.  0.  0.  0.],5.33333333333,9.88138483592,1475448855.89
94.0,[ 83.70036628  24.07796078],[ 1.  1.  0.  0.  0.],5.66666666667,9.928521927,1475448856.11
94.3333333333,[ 84.25102807  23.7569213 ],[ 1.  1.  0.  0.  0.],6.0,9.97503052352,1475448856.11
94.6666666667,[ 84.79434769  23.44016235],[ 1.  1.  0.  0.  0.],6.33333333333,10.0209190054,1475448856.11
95.0,[ 85.33042306  23.12762685],[ 1.  1.  0.  0.  0.],6.66666666667,10.0661956409,1475448856.33
95.3333333333,[ 85.85935075  22.81925849],[ 1.  1.  0.  0.  0.],7.0,10.1108685879,1475448856.33
95.6666666667,[ 86.38122607  22.51500171],[ 1.  1.  0.  0.  0.],7.33333333333,10.1549458956,1475448856.33
96.0,[ 86.89614306  22.21480169],[ 1.  1.  0.  0.  0.],7.66666666667,10.1984355059,1475448856.56
96.3333333333,[ 87.40419448  21.91860433],[ 1.  1.  0.  0.  0.],8.0,10.2413452547,1475448856.56
96.6666666667,[ 87.90547189  21.62635628],[ 1.  1.  0.  0.  0.],8.33333333333,10.2836828736,1475448856.56
97.0,[ 88.4000656   21.33800486],[ 1.  1.  0.  0.  0.],8.66666666667,10.3254559908,1475448856.78
97.3333333333,[ 88.88806472  21.05349813],[ 1.  1.  0.  0.  0.],9.0,10.3666721331,1475448856.78
97.6666666667,[ 89.36955719  20.77278482],[ 1.  1.  0.  0.  0.],9.33333333333,10.4073387269,1475448856.78
98.0,[ 89.84462976  20.49581436],[ 1.  1.  0.  0.  0.],9.66666666667,10.4474630995,1475448857.04
98.3333333333,[ 90.31336803  20.22253683],[ 1.  1.  0.  0.  0.],10.0,10.4870524804,1475448857.04
98.6666666667,[ 90.77585646  19.95290301],[ 1.  1.  0.  0.  0.],10.3333333333,10.5261140028,1475448857.04
99.0,[ 89.23217837  22.02019763],[ 0.  1.  1.  1.  1.],10.6666666667,10.564654705,1475448857.45
99.3333333333,[ 89.70908266  22.05992833],[ 1.  1.  0.  0.  1.],0.0,10.4360148645,1475448857.45
99.6666666667,[ 89.51296156  22.43246262],[ 1.  0.  1.  0.  0.],0.333333333333,10.4757568885,1475448857.45
100.0,[ 88.31945541  22.46669645],[ 0.  0.  0.  0.  1.],0.666666666667,10.4594134634,1475448857.68
100.333333333,[ 87.14186267  22.1671405 ],[ 0.  0.  0.  0.  0.],0.0,10.3599546172,1475448857.68
100.666666667,[ 86.64663783  22.53824529],[ 0.  1.  1.  0.  0.],0.0,10.2618218889,1475448857.68
101.0,[ 87.15801599  22.57106869],[ 1.  1.  0.  0.  1.],0.0,10.2205531527,1475448857.91
101.333333333,[ 87.66257578  22.27012111],[ 1.  1.  0.  0.  0.],0.333333333333,10.2631679995,1475448857.91
101.666666667,[ 88.1604081   21.97318616],[ 1.  1.  0.  0.  0.],0.666666666667,10.3052146484,1475448857.91
102.0,[ 88.65160266  21.68021034],[ 1.  1.  0.  0.  0.],1.0,10.3467006753,1475448858.13
102.333333333,[ 89.13624796  21.39114087],[ 1.  1.  0.  0.  0.],1.33333333333,10.3876335552,1475448858.13
102.666666667,[ 89.61443132  21.10592566],[ 1.  1.  0.  0.  0.],1.66666666667,10.4280206633,1475448858.13
103.0,[ 89.41957224  21.49117998],[ 1.  0.  1.  0.  0.],2.0,10.4678692767,1475448858.35
103.333333333,[ 89.89397794  21.20463092],[ 1.  1.  0.  0.  0.],2.33333333333,10.4516310197,1475448858.35
103.666666667,[ 90.36205823  20.92190251],[ 1.  1.  0.  0.  0.],2.66666666667,10.4911648283,1475448858.35
104.0,[ 90.82389746  20.64294381],[ 1.  1.  0.  0.  0.],3.0,10.5301715195,1475448858.58
104.333333333,[ 91.27957882  20.36770455],[ 1.  1.  0.  0.  0.],3.33333333333,10.5686581215,1475448858.58
104.666666667,[ 91.72918444  20.09613516],[ 1.  1.  0.  0.  0.],3.66666666667,10.6066315687,1475448858.58
105.0,[ 92.17279531  19.82818669],[ 1.  1.  0.  0.  0.],4.0,10.6440987034,1475448858.81
105.333333333,[ 92.61049138  19.56381087],[ 1.  1.  0.  0.  0.],4.33333333333,10.6810662762,1475448858.81
105.666666667,[ 93.04235149  19.30296006],[ 1.  1.  0.  0.  0.],4.66666666667,10.7175409481,1475448858.81
106.0,[ 93.46845347  19.04558726],[ 1.  1.  0.  0.  0.],5.0,10.753529291,1475448859.19
106.333333333,[ 93.88887409  18.79164609],[ 1.  1.  0.  0.  0.],5.33333333333,10.7890377894,1475448859.19
106.666666667,[ 94.3036891   18.54109081],[ 1.  1.  0.  0.  0.],5.66666666667,10.824072841,1475448859.19
107.0,[ 93.71297325  19.29387627],[ 0.  1.  1.  0.  1.],6.0,10.8586407587,1475448879.46
107.333333333,[ 93.13013361  19.70329125],[ 0.  1.  1.  0.  0.],0.0,10.8094144375,1475448879.46
107.666666667,[ 92.55506516  20.10724737],[ 0.  1.  1.  0.  0.],0.0,10.7608444672,1475448879.46
108.0,[ 92.98766429  20.17248407],[ 1.  1.  0.  0.  1.],0.0,10.7129220965,1475448879.79
108.333333333,[ 93.41449543  19.90351762],[ 1.  1.  0.  0.  0.],0.333333333333,10.7489720241,1475448879.79
108.666666667,[ 93.16896883  20.30480405],[ 1.  0.  1.  0.  0.],0.666666666667,10.784541286,1475448879.79
109.0,[ 91.92671591  20.36740666],[ 0.  0.  0.  0.  1.],1.0,10.7640807356,1475448880.02
109.333333333,[ 90.70102636  20.09584124],[ 0.  0.  0.  0.  0.],0.0,10.6605596591,1475448880.02
109.666666667,[ 89.49167935  19.82789669],[ 0.  0.  0.  0.  0.],0.0,10.5584188636,1475448880.02
110.0,[ 88.29845695  19.56352473],[ 0.  0.  0.  0.  0.],0.0,10.4576399455,1475448880.25
110.333333333,[ 87.12114419  19.30267774],[ 0.  0.  0.  0.  0.],0.0,10.3582047462,1475448880.25
110.666666667,[ 85.95952894  19.0453087 ],[ 0.  0.  0.  0.  0.],0.0,10.2600953496,1475448880.25
111.0,[ 84.81340189  18.79137125],[ 0.  0.  0.  0.  0.],0.0,10.1632940782,1475448880.48
111.333333333,[ 83.68255653  18.54081963],[ 0.  0.  0.  0.  0.],0.0,10.0677834905,1475448880.48
111.666666667,[ 82.56678911  18.2936087 ],[ 0.  0.  0.  0.  0.],0.0,9.97354637732,1475448880.48
112.0,[ 81.46589859  18.04969392],[ 0.  0.  0.  0.  0.],0.0,9.88056575896,1475448880.71
112.333333333,[ 80.3796866   17.80903134],[ 0.  0.  0.  0.  0.],0.0,9.78882488217,1475448880.71
112.666666667,[ 79.30795745  17.57157759],[ 0.  0.  0.  0.  0.],0.0,9.69830721708,1475448880.71
113.0,[ 78.25051802  17.33728988],[ 0.  0.  0.  0.  0.],0.0,9.60899645418,1475448880.94
113.333333333,[ 77.87384444  17.77279269],[ 0.  1.  1.  0.  0.],0.0,9.52087650146,1475448880.94
113.666666667,[ 76.83552652  17.53582212],[ 0.  0.  0.  0.  0.],0.0,9.489487037,1475448880.94
114.0,[ 75.81105283  17.30201115],[ 0.  0.  0.  0.  0.],0.0,9.40296054317,1475448881.17
114.333333333,[ 74.80023879  17.07131767],[ 0.  0.  0.  0.  0.],0.0,9.31758773593,1475448881.17
114.666666667,[ 73.80290228  16.8437001 ],[ 0.  0.  0.  0.  0.],0.0,9.23335323278,1475448881.17
115.0,[ 72.81886358  16.61911744],[ 0.  0.  0.  0.  0.],0.0,9.15024185634,1475448881.61
115.333333333,[ 71.8479454  16.3975292],[ 0.  0.  0.  0.  0.],0.0,9.06823863159,1475448881.61
115.666666667,[ 70.88997279  16.17889548],[ 0.  0.  0.  0.  0.],0.0,8.98732878317,1475448881.61
116.0,[ 69.94477316  15.96317687],[ 0.  0.  0.  0.  0.],0.0,8.90749773273,1475448881.86
116.333333333,[ 69.01217618  15.75033452],[ 0.  0.  0.  0.  0.],0.0,8.82873109629,1475448881.87
116.666666667,[ 68.7586805   16.20699672],[ 0.  1.  1.  0.  0.],0.0,8.75101468168,1475448881.87
117.0,[ 69.50856476  16.32423677],[ 1.  1.  0.  0.  1.],0.0,8.72989004148,1475448882.11
117.333333333,[ 70.24845056  16.10658028],[ 1.  1.  0.  0.  0.],0.333333333333,8.79238039648,1475448882.11
117.666666667,[ 70.97847122  15.89182587],[ 1.  1.  0.  0.  0.],0.666666666667,8.85403754675,1475448882.11
118.0,[ 71.69875827  15.67993486],[ 1.  1.  0.  0.  0.],1.0,8.91487260168,1475448882.34
118.333333333,[ 72.40944149  15.47086906],[ 1.  1.  0.  0.  0.],1.33333333333,8.97489652255,1475448882.34
118.666666667,[ 72.44398227  15.93125747],[ 1.  0.  1.  0.  0.],1.66666666667,9.03412012447,1475448882.34
119.0,[ 71.47806251  16.05217404],[ 0.  0.  0.  0.  1.],2.0,9.03699852281,1475448882.59
119.333333333,[ 70.52502168  15.83814505],[ 0.  0.  0.  0.  0.],0.0,8.95650520917,1475448882.59
119.666666667,[ 70.25135472  16.29363645],[ 0.  1.  1.  0.  0.],0.0,8.87708513971,1475448882.59
120.0,[ 70.98133666  16.4097213 ],[ 1.  1.  0.  0.  1.],0.0,8.85427956007,1475448882.82
120.333333333,[ 71.7015855   16.19092502],[ 1.  1.  0.  0.  0.],0.333333333333,8.91511138816,1475448882.82
120.666666667,[ 72.41223103  15.97504602],[ 1.  1.  0.  0.  0.],0.666666666667,8.97513212521,1475448882.82
121.0,[ 73.11340128  15.7620454 ],[ 1.  1.  0.  0.  0.],1.0,9.03435258576,1475448883.06
121.333333333,[ 73.8052226  15.5518848],[ 1.  1.  0.  0.  0.],1.33333333333,9.09278344017,1475448883.06
121.666666667,[ 74.48781963  15.34452633],[ 1.  1.  0.  0.  0.],1.66666666667,9.15043521653,1475448883.06
122.0,[ 74.4946487   15.80659932],[ 1.  0.  1.  0.  0.],2.0,9.20731830253,1475448883.29
122.333333333,[ 75.16805339  15.59584466],[ 1.  1.  0.  0.  0.],2.33333333333,9.20788739183,1475448883.29
122.666666667,[ 75.83247934  15.38790006],[ 1.  1.  0.  0.  0.],2.66666666667,9.26400444883,1475448883.29
123.0,[ 76.48804628  15.18272806],[ 1.  1.  0.  0.  0.],3.0,9.3193732784,1475448883.51
123.333333333,[ 77.13487233  14.98029169],[ 1.  1.  0.  0.  0.],3.33333333333,9.37400385691,1475448883.51
123.666666667,[ 77.77307403  14.78055447],[ 1.  1.  0.  0.  0.],3.66666666667,9.4279060277,1475448883.51
124.0,[ 78.40276638  14.58348041],[ 1.  1.  0.  0.  0.],4.0,9.48108950289,1475448883.73
124.333333333,[ 79.02406283  14.389034  ],[ 1.  1.  0.  0.  0.],4.33333333333,9.53356386507,1475448883.73
124.666666667,[ 79.63707532  14.19718021],[ 1.  1.  0.  0.  0.],4.66666666667,9.5853385691,1475448883.73
125.0,[ 80.24191432  14.00788448],[ 1.  1.  0.  0.  0.],5.0,9.63642294373,1475448883.96
125.333333333,[ 80.8386888   13.82111268],[ 1.  1.  0.  0.  0.],5.33333333333,9.68682619337,1475448883.96
125.666666667,[ 81.42750628  13.63683118],[ 1.  1.  0.  0.  0.],5.66666666667,9.73655739968,1475448883.97
126.0,[ 82.00847286  13.45500677],[ 1.  1.  0.  0.  0.],6.0,9.78562552324,1475448884.19
126.333333333,[ 82.58169322  13.27560668],[ 1.  1.  0.  0.  0.],6.33333333333,9.83403940515,1475448884.19
126.666666667,[ 83.14727065  13.09859859],[ 1.  1.  0.  0.  0.],6.66666666667,9.88180776864,1475448884.19
127.0,[ 83.70530704  12.92395061],[ 1.  1.  0.  0.  0.],7.0,9.92893922061,1475448884.42
127.333333333,[ 84.25590294  12.75163126],[ 1.  1.  0.  0.  0.],7.33333333333,9.97544225323,1475448884.42
127.666666667,[ 84.79915757  12.58160951],[ 1.  1.  0.  0.  0.],7.66666666667,10.0213252454,1475448884.42
128.0,[ 85.3351688   12.41385472],[ 1.  1.  0.  0.  0.],8.0,10.0665964644,1475448884.64
128.333333333,[ 85.86403322  12.24833666],[ 1.  1.  0.  0.  0.],8.33333333333,10.1112640671,1475448884.64
128.666666667,[ 86.38584611  12.0850255 ],[ 1.  1.  0.  0.  0.],8.66666666667,10.1553361017,1475448884.64
129.0,[ 86.9007015   11.92389183],[ 1.  1.  0.  0.  0.],9.0,10.1988205092,1475448884.9
129.333333333,[ 87.40869214  11.7649066 ],[ 1.  1.  0.  0.  0.],9.33333333333,10.2417251247,1475448884.9
129.666666667,[ 87.90990958  11.60804118],[ 1.  1.  0.  0.  0.],9.66666666667,10.2840576786,1475448884.9
130.0,[ 87.40444412  12.4532673 ],[ 0.  1.  1.  0.  1.],10.0,10.3258257984,1475448885.14
130.333333333,[ 86.9057182  12.9538904],[ 0.  1.  1.  0.  0.],0.0,10.2837036767,1475448885.15
130.666666667,[ 86.41364196  13.44783853],[ 0.  1.  1.  0.  0.],0.0,10.2421431832,1475448885.15
131.0,[ 86.92812673  13.60186735],[ 1.  1.  0.  0.  1.],0.0,10.2011368296,1475448905.55
131.333333333,[ 87.43575171  13.42050912],[ 1.  1.  0.  0.  0.],0.333333333333,10.2440105608,1475448905.56
131.666666667,[ 87.93660835  13.241569  ],[ 1.  1.  0.  0.  0.],0.666666666667,10.2863126422,1475448905.56
132.0,[ 88.43078691  13.06501475],[ 1.  1.  0.  0.  0.],1.0,10.3280506959,1475448905.81
132.333333333,[ 88.91837641  12.89081455],[ 1.  1.  0.  0.  0.],1.33333333333,10.3692322421,1475448905.81
132.666666667,[ 89.39946473  12.71893702],[ 1.  1.  0.  0.  0.],1.66666666667,10.4098647011,1475448905.81
133.0,[ 88.87413853  13.54935119],[ 0.  1.  1.  0.  1.],2.0,10.449955394,1475448906.06
133.333333333,[ 88.35581668  14.03535984],[ 0.  1.  1.  0.  0.],0.0,10.406178211,1475448906.06
133.666666667,[ 87.17773913  13.84822171],[ 0.  0.  0.  0.  0.],0.0,10.3629847237,1475448906.06
134.0,[ 86.01536927  13.66357876],[ 0.  0.  0.  0.  0.],0.0,10.2648115941,1475448906.28
134.333333333,[ 84.86849768  13.48139771],[ 0.  0.  0.  0.  0.],0.0,10.1679474395,1475448906.28
134.666666667,[ 83.73691771  13.30164574],[ 0.  0.  0.  0.  0.],0.0,10.072374807,1475448906.28
135.0,[ 82.62042548  13.12429046],[ 0.  0.  0.  0.  0.],0.0,9.9780764762,1475448906.5
135.333333333,[ 81.51881981  12.94929992],[ 0.  0.  0.  0.  0.],0.0,9.88503545652,1475448906.5
135.666666667,[ 80.43190221  12.77664259],[ 0.  0.  0.  0.  0.],0.0,9.79323498376,1475448906.5
136.0,[ 80.02614351  13.27295402],[ 0.  1.  1.  0.  0.],0.0,9.70265851731,1475448906.72
136.333333333,[ 79.62579493  13.76264797],[ 0.  1.  1.  0.  0.],0.0,9.66884529264,1475448906.73
136.666666667,[ 78.56411767  13.579146  ],[ 0.  0.  0.  0.  0.],0.0,9.63548291096,1475448906.73
137.0,[ 77.5165961   13.39809072],[ 0.  0.  0.  0.  0.],0.0,9.54700980548,1475448906.95
137.333333333,[ 76.48304148  13.21944951],[ 0.  0.  0.  0.  0.],0.0,9.45971634141,1475448906.95
137.666666667,[ 75.4632676   13.04319018],[ 0.  0.  0.  0.  0.],0.0,9.37358679019,1475448906.95
138.0,[ 74.45709069  12.86928098],[ 0.  0.  0.  0.  0.],0.0,9.28860563299,1475448907.19
138.333333333,[ 73.46432949  12.69769056],[ 0.  0.  0.  0.  0.],0.0,9.20475755788,1475448907.19
138.666666667,[ 73.15147176  13.19505469],[ 0.  1.  1.  0.  0.],0.0,9.12202745711,1475448907.19
139.0,[ 73.84278547  13.35245396],[ 1.  1.  0.  0.  1.],0.0,9.0959559799,1475448907.42
139.333333333,[ 74.52488166  13.17442124],[ 1.  1.  0.  0.  0.],0.333333333333,9.15356545573,1475448907.42
139.666666667,[ 75.19788324  12.99876229],[ 1.  1.  0.  0.  0.],0.666666666667,9.2104068052,1475448907.42
140.0,[ 75.86191146  12.82544546],[ 1.  1.  0.  0.  0.],1.0,9.26649027002,1475448907.64
140.333333333,[ 76.51708598  12.65443952],[ 1.  1.  0.  0.  0.],1.33333333333,9.32182595531,1475448907.64
140.666666667,[ 77.16352483  12.48571366],[ 1.  1.  0.  0.  0.],1.66666666667,9.37642383146,1475448907.65
141.0,[ 77.8013445   12.31923748],[ 1.  1.  0.  0.  0.],2.0,9.43029373593,1475448907.88
141.333333333,[ 78.43065991  12.15498098],[ 1.  1.  0.  0.  0.],2.33333333333,9.48344537501,1475448907.88
141.666666667,[ 79.05158444  11.99291457],[ 1.  1.  0.  0.  0.],2.66666666667,9.53588832557,1475448907.88
142.0,[ 79.66422998  11.83300904],[ 1.  1.  0.  0.  0.],3.0,9.58763203678,1475448908.11
142.333333333,[ 80.26870692  11.67523558],[ 1.  1.  0.  0.  0.],3.33333333333,9.63868583185,1475448908.11
142.666666667,[ 80.86512416  11.51956578],[ 1.  1.  0.  0.  0.],3.66666666667,9.68905890964,1475448908.11
143.0,[ 80.7869225   12.03263823],[ 1.  0.  1.  0.  0.],4.0,9.7387603464,1475448928.34
143.333333333,[ 81.3764302   11.87220306],[ 1.  1.  0.  0.  0.],4.33333333333,9.73224354178,1475448928.35
143.666666667,[ 81.9580778   11.71390702],[ 1.  1.  0.  0.  0.],4.66666666667,9.78136918345,1475448928.35
144.0,[ 82.53197009  11.55772159],[ 1.  1.  0.  0.  0.],5.0,9.82983981656,1475448928.57
144.333333333,[ 83.09821049  11.40361863],[ 1.  1.  0.  0.  0.],5.33333333333,9.87766417456,1475448928.57
144.666666667,[ 83.65690102  11.25157039],[ 1.  1.  0.  0.  0.],5.66666666667,9.92485087446,1475448928.57
145.0,[ 84.20814234  11.10154945],[ 1.  1.  0.  0.  0.],6.0,9.97140841835,1475448928.8
145.333333333,[ 84.75203378  10.95352879],[ 1.  1.  0.  0.  0.],6.33333333333,10.017345195,1475448928.8
145.666666667,[ 85.28867333  10.80748174],[ 1.  1.  0.  0.  0.],6.66666666667,10.0626694813,1475448928.8
146.0,[ 85.81815768  10.66338198],[ 1.  1.  0.  0.  0.],7.0,10.1073894438,1475448929.05
146.333333333,[ 86.34058224  10.52120355],[ 1.  1.  0.  0.  0.],7.33333333333,10.1515131401,1475448929.05
146.666666667,[ 86.85604115  10.38092084],[ 1.  1.  0.  0.  0.],7.66666666667,10.1950485204,1475448929.05
147.0,[ 86.6979606   10.90917523],[ 1.  0.  1.  0.  0.],8.0,10.238003429,1475448929.29
147.333333333,[ 87.20865446  10.76371956],[ 1.  1.  0.  0.  0.],8.33333333333,10.22483005,1475448929.29
147.666666667,[ 87.71253907  10.6202033 ],[ 1.  1.  0.  0.  0.],8.66666666667,10.2673878715,1475448929.29
148.0,[ 87.20970521  11.47860059],[ 0.  1.  1.  0.  1.],9.0,10.3093782555,1475448929.54
148.333333333,[ 86.71357581  11.99221925],[ 0.  1.  1.  0.  0.],0.0,10.2674754343,1475448929.54
148.666666667,[ 86.22406146  12.49898966],[ 0.  1.  1.  0.  0.],0.0,10.2261313174,1475448929.54
149.0,[ 86.74107398  12.66566979],[ 1.  1.  0.  0.  1.],0.0,10.1853384554,1475448929.97
149.333333333,[ 87.25119299  12.4967942 ],[ 1.  1.  0.  0.  0.],0.333333333333,10.2284228315,1475448929.97
149.666666667,[ 87.75451042  12.33017028],[ 1.  1.  0.  0.  0.],0.666666666667,10.2709327493,1475448929.97
150.0,[ 88.25111695  12.165768  ],[ 1.  1.  0.  0.  0.],1.0,10.3128758682,1475448930.22
150.333333333,[ 88.74110205  12.00355776],[ 1.  1.  0.  0.  0.],1.33333333333,10.3542597455,1475448930.22
150.666666667,[ 89.22455403  11.84351033],[ 1.  1.  0.  0.  0.],1.66666666667,10.3950918378,1475448930.22
151.0,[ 88.70155997  12.68559686],[ 0.  1.  1.  0.  1.],2.0,10.4353795022,1475448930.46
151.333333333,[ 88.18553917  13.18312223],[ 0.  1.  1.  0.  0.],0.0,10.3917966644,1475448930.46
151.666666667,[ 87.67639865  13.67401394],[ 0.  1.  1.  0.  0.],0.0,10.3487949311,1475448930.46
152.0,[ 88.17404667  13.82502708],[ 1.  1.  0.  0.  1.],0.0,10.3063665542,1475448930.71
152.333333333,[ 88.66505938  13.64069339],[ 1.  1.  0.  0.  0.],0.333333333333,10.3478372224,1475448930.71
152.666666667,[ 89.14952525  13.45881748],[ 1.  1.  0.  0.  0.],0.666666666667,10.3887549483,1475448930.71
153.0,[ 89.62753158  13.27936658],[ 1.  1.  0.  0.  0.],1.0,10.4291271046,1475448930.95
153.333333333,[ 90.0991645   13.10230836],[ 1.  1.  0.  0.  0.],1.33333333333,10.4689609654,1475448930.95
153.666666667,[ 90.56450897  12.92761091],[ 1.  1.  0.  0.  0.],1.66666666667,10.5082637081,1475448930.96
154.0,[ 90.02364885  13.75524277],[ 0.  1.  1.  0.  1.],2.0,10.5470424142,1475448931.2
154.333333333,[ 89.4900002  14.2385062],[ 0.  1.  1.  0.  0.],0.0,10.5019707376,1475448931.2
154.666666667,[ 88.96346686  14.71532611],[ 0.  1.  1.  0.  0.],0.0,10.4575000166,1475448931.2
155.0,[ 89.44395397  14.8524551 ],[ 1.  1.  0.  0.  1.],0.0,10.4136222386,1475448931.45
155.333333333,[ 89.91803459  14.65442236],[ 1.  1.  0.  0.  0.],0.333333333333,10.453662831,1475448931.45
155.666666667,[ 90.38579412  14.45903007],[ 1.  1.  0.  0.  0.],0.666666666667,10.4931695488,1475448931.45
156.0,[ 89.84731687  15.266243  ],[ 0.  1.  1.  0.  1.],1.0,10.5321495104,1475448931.69
156.333333333,[ 89.31601931  15.72935976],[ 0.  1.  1.  0.  0.],0.0,10.4872764058,1475448931.69
156.666666667,[ 88.79180572  16.18630163],[ 0.  1.  1.  0.  0.],0.0,10.4430016093,1475448931.69
157.0,[ 89.27458164  16.30381761],[ 1.  1.  0.  0.  1.],0.0,10.3993171434,1475448931.92
157.333333333,[ 89.75092056  16.08643337],[ 1.  1.  0.  0.  0.],0.333333333333,10.4395484703,1475448931.92
157.666666667,[ 90.22090828  15.87194759],[ 1.  1.  0.  0.  0.],0.666666666667,10.4792433796,1475448931.92
158.0,[ 90.6846295   15.66032163],[ 1.  1.  0.  0.  0.],1.0,10.5184090235,1475448932.19
158.333333333,[ 91.14216778  15.45151734],[ 1.  1.  0.  0.  0.],1.33333333333,10.5570524587,1475448932.19
158.666666667,[ 91.59360554  15.24549711],[ 1.  1.  0.  0.  0.],1.66666666667,10.5951806481,1475448932.19
159.0,[ 91.03902413  16.04222381],[ 0.  1.  1.  0.  1.],2.0,10.6328004617,1475448932.44
159.333333333,[ 90.49183714  16.49499416],[ 0.  1.  1.  0.  0.],0.0,10.5865853444,1475448932.44
159.666666667,[ 89.95194598  16.94172757],[ 0.  1.  1.  0.  0.],0.0,10.5409864287,1475448932.44
160.0,[ 90.41925337  17.0491712 ],[ 1.  1.  0.  0.  1.],0.0,10.4959954986,1475448932.69
160.333333333,[ 90.88032999  16.82184892],[ 1.  1.  0.  0.  0.],0.333333333333,10.5349377808,1475448932.69
160.666666667,[ 90.66859226  17.26422427],[ 1.  0.  1.  0.  0.],0.666666666667,10.5733608326,1475448932.69
161.0,[ 89.45967769  17.36736795],[ 0.  0.  0.  0.  1.],1.0,10.5557160215,1475448932.91
161.333333333,[ 88.26688199  17.13580304],[ 0.  0.  0.  0.  0.],0.0,10.4549731412,1475448932.91
161.666666667,[ 87.08999023  16.90732567],[ 0.  0.  0.  0.  0.],0.0,10.3555734994,1475448932.91
162.0,[ 85.92879036  16.68189466],[ 0.  0.  0.  0.  0.],0.0,10.257499186,1475448933.13
162.333333333,[ 84.78307316  16.45946939],[ 0.  0.  0.  0.  0.],0.0,10.1607325302,1475448933.13
162.666666667,[ 83.65263218  16.2400098 ],[ 0.  0.  0.  0.  0.],0.0,10.0652560965,1475448933.13
163.0,[ 82.53726375  16.02347634],[ 0.  0.  0.  0.  0.],0.0,9.97105268187,1475448933.35
163.333333333,[ 81.4367669   15.80982999],[ 0.  0.  0.  0.  0.],0.0,9.87810531278,1475448933.35
163.666666667,[ 80.35094334  15.59903225],[ 0.  0.  0.  0.  0.],0.0,9.78639724194,1475448933.35
164.0,[ 79.27959743  15.39104516],[ 0.  0.  0.  0.  0.],0.0,9.69591194538,1475448933.58
164.333333333,[ 78.22253613  15.18583122],[ 0.  0.  0.  0.  0.],0.0,9.60663311944,1475448933.58
164.666666667,[ 77.17956899  14.98335347],[ 0.  0.  0.  0.  0.],0.0,9.51854467785,1475448933.58
165.0,[ 76.15050807  14.78357543],[ 0.  0.  0.  0.  0.],0.0,9.43163074881,1475448933.8
165.333333333,[ 75.13516796  14.58646109],[ 0.  0.  0.  0.  0.],0.0,9.34587567216,1475448933.8
165.666666667,[ 74.13336572  14.39197494],[ 0.  0.  0.  0.  0.],0.0,9.26126399653,1475448933.8
166.0,[ 73.14492084  14.20008194],[ 0.  0.  0.  0.  0.],0.0,9.17778047658,1475448934.05
166.333333333,[ 72.16965523  14.01074751],[ 0.  0.  0.  0.  0.],0.0,9.09541007023,1475448934.05
166.666666667,[ 71.20739316  13.82393755],[ 0.  0.  0.  0.  0.],0.0,9.01413793596,1475448934.05
167.0,[ 71.25796125  14.63961838],[ 1.  0.  1.  0.  1.],0.0,8.93394943014,1475448934.3
167.333333333,[ 71.3078551   15.11109013],[ 1.  0.  1.  0.  0.],0.333333333333,8.93816343774,1475448934.3
167.666666667,[ 71.3570837  15.5762756],[ 1.  0.  1.  0.  0.],0.666666666667,8.94232125857,1475448934.3
168.0,[ 70.40565592  15.70192526],[ 0.  0.  0.  0.  1.],1.0,8.94642364179,1475448934.55
168.333333333,[ 69.46691384  15.49256625],[ 0.  0.  0.  0.  0.],0.0,8.86713799323,1475448934.55
168.666666667,[ 68.54068832  15.2859987 ],[ 0.  0.  0.  0.  0.],0.0,8.78890948666,1475448934.55
169.0,[ 68.62681248  16.08218539],[ 1.  0.  1.  0.  1.],0.0,8.71172402683,1475448934.95
169.333333333,[ 68.71178831  16.53442292],[ 1.  0.  1.  0.  0.],0.333333333333,8.71890103981,1475448934.95
169.666666667,[ 68.79563113  16.98063061],[ 1.  0.  1.  0.  0.],0.666666666667,8.72598235928,1475448934.95
170.0,[ 68.87835605  17.42088887],[ 1.  0.  1.  0.  0.],1.0,8.73296926116,1475448935.21
170.333333333,[ 68.95997797  17.85527702],[ 1.  0.  1.  0.  0.],1.33333333333,8.73986300434,1475448935.21
170.666666667,[ 69.70717827  17.61720666],[ 1.  1.  0.  0.  0.],1.66666666667,8.74666483095,1475448935.21
171.0,[ 70.44441589  17.38231057],[ 1.  1.  0.  0.  0.],2.0,8.80893152209,1475448935.43
171.333333333,[ 71.17182368  17.15054643],[ 1.  1.  0.  0.  0.],2.33333333333,8.87036799069,1475448935.43
171.666666667,[ 71.88953269  16.92187248],[ 1.  1.  0.  0.  0.],2.66666666667,8.93098530637,1475448935.43
172.0,[ 72.59767226  16.69624751],[ 1.  1.  0.  0.  0.],3.0,8.99079439117,1475448935.65
172.333333333,[ 73.29636996  16.47363088],[ 1.  1.  0.  0.  0.],3.33333333333,9.04980602151,1475448935.66
172.666666667,[ 73.9857517   16.25398246],[ 1.  1.  0.  0.  0.],3.66666666667,9.10803083011,1475448935.66
173.0,[ 74.66594167  16.0372627 ],[ 1.  1.  0.  0.  0.],4.0,9.16547930793,1475448935.88
173.333333333,[ 75.33706245  15.82343253],[ 1.  1.  0.  0.  0.],4.33333333333,9.22216180605,1475448935.88
173.666666667,[ 75.99923495  15.61245343],[ 1.  1.  0.  0.  0.],4.66666666667,9.27808853752,1475448935.88
174.0,[ 76.65257848  15.40428738],[ 1.  1.  0.  0.  0.],5.0,9.33326957925,1475448936.11
174.333333333,[ 77.29721077  15.19889688],[ 1.  1.  0.  0.  0.],5.33333333333,9.38771487374,1475448936.12
174.666666667,[ 77.93324796  14.99624493],[ 1.  1.  0.  0.  0.],5.66666666667,9.44143423098,1475448936.12
175.0,[ 78.56080466  14.79629499],[ 1.  1.  0.  0.  0.],6.0,9.49443733013,1475448936.34
175.333333333,[ 79.17999393  14.59901106],[ 1.  1.  0.  0.  0.],6.33333333333,9.54673372128,1475448936.34
175.666666667,[ 79.79092734  14.40435758],[ 1.  1.  0.  0.  0.],6.66666666667,9.59833282722,1475448936.34
176.0,[ 80.39371498  14.21229948],[ 1.  1.  0.  0.  0.],7.0,9.64924394508,1475448936.57
176.333333333,[ 80.98846544  14.02280215],[ 1.  1.  0.  0.  0.],7.33333333333,9.69947624803,1475448936.57
176.666666667,[ 81.5752859   13.83583146],[ 1.  1.  0.  0.  0.],7.66666666667,9.74903878695,1475448936.57
177.0,[ 82.15428209  13.6513537 ],[ 1.  1.  0.  0.  0.],8.0,9.79794049201,1475448936.79
177.333333333,[ 82.72555833  13.46933565],[ 1.  1.  0.  0.  0.],8.33333333333,9.84619017434,1475448936.79
177.666666667,[ 83.28921755  13.28974451],[ 1.  1.  0.  0.  0.],8.66666666667,9.89379652757,1475448936.79
178.0,[ 83.84536132  13.11254792],[ 1.  1.  0.  0.  0.],9.0,9.94076812942,1475448937.04
178.333333333,[ 84.39408983  12.93771395],[ 1.  1.  0.  0.  0.],9.33333333333,9.98711344325,1475448937.04
178.666666667,[ 84.93550197  12.76521109],[ 1.  1.  0.  0.  0.],9.66666666667,10.0328408196,1475448937.04
179.0,[ 84.46969528  13.59500828],[ 0.  1.  1.  0.  1.],10.0,10.0779584975,1475448937.27
179.333333333,[ 85.01009934  13.74707484],[ 1.  1.  0.  0.  1.],0.0,10.0391412731,1475448937.28
179.666666667,[ 85.54329802  13.5637805 ],[ 1.  1.  0.  0.  0.],0.333333333333,10.084174945,1475448937.28
