./simulation results/2016-10-2_12-56-23.txt

Comfortable Program

simTime, model.x, model.u, model.d, model.z, systemTime

0.0,[ 1.          0.33333333],[ 1.  0.  1.  0.  1.],0.0,3.0,1475430983.97
0.333333333333,[ 1.98666667  0.99555556],[ 1.  0.  1.  0.  0.],0.333333333333,3.08333333333,1475430984.0
0.666666666667,[ 2.96017778  1.64894815],[ 1.  0.  1.  0.  0.],0.666666666667,3.16555555556,1475430984.33
1.0,[ 3.92070874  2.29362884],[ 1.  0.  1.  0.  0.],1.0,3.24668148148,1475430984.89
1.33333333333,[ 4.86843262  2.92971379],[ 1.  0.  1.  0.  0.],1.33333333333,3.3267257284,1475430985.0
1.66666666667,[ 5.80352019  3.5573176 ],[ 1.  0.  1.  0.  0.],1.66666666667,3.40570271868,1475430985.34
2.0,[ 6.72613992  4.17655337],[ 1.  0.  1.  0.  0.],2.0,3.48362668243,1475430985.92
2.33333333333,[ 7.63645805  4.78753266],[ 1.  0.  1.  0.  0.],2.33333333333,3.56051166,1475430986.0
2.66666666667,[ 8.53463861  5.39036556],[ 1.  0.  1.  0.  0.],2.66666666667,3.63637150453,1475430986.33
3.0,[ 9.42084343  5.98516068],[ 1.  0.  1.  0.  0.],3.0,3.71121988447,1475430986.89
3.33333333333,[ 10.29523219   6.57202521],[ 1.  0.  1.  0.  0.],3.33333333333,3.78507028601,1475430987.0
3.66666666667,[ 11.82462909   6.4843982 ],[ 1.  1.  0.  0.  0.],3.66666666667,3.85793601553,1475430987.34
4.0,[ 12.33363404   7.73127289],[ 1.  1.  0.  1.  0.],4.0,3.98538575755,1475430987.91
4.33333333333,[ 12.83585225   8.96152259],[ 1.  1.  0.  1.  0.],4.33333333333,4.02780283634,1475430988.0
4.66666666667,[ 13.33137422  10.17536895],[ 1.  1.  0.  1.  0.],4.66666666667,4.06965435408,1475430988.34
5.0,[ 13.82028923  11.3730307 ],[ 1.  1.  0.  1.  0.],5.0,4.11094785158,1475430988.91
5.33333333333,[ 14.30268537  12.55472363],[ 1.  1.  0.  1.  0.],5.33333333333,4.15169076911,1475430989.01
5.66666666667,[ 14.77864957  13.72066064],[ 1.  1.  0.  1.  0.],5.66666666667,4.19189044775,1475430989.33
6.0,[ 15.24826757  14.87105184],[ 1.  1.  0.  1.  0.],6.0,4.23155413066,1475430989.89
6.33333333333,[ 15.71162401  16.00610448],[ 1.  1.  0.  1.  0.],6.33333333333,4.27068896448,1475430990.0
6.66666666667,[ 16.16880235  17.12602308],[ 1.  1.  0.  1.  0.],6.66666666667,4.30930200051,1475430990.34
7.0,[ 16.61988499  18.23100944],[ 1.  1.  0.  1.  0.],7.0,4.34740019606,1475430990.9
7.33333333333,[ 17.06495319  19.32126265],[ 1.  1.  0.  1.  0.],7.33333333333,4.38499041566,1475430991.0
7.66666666667,[ 17.50408715  20.39697915],[ 1.  1.  0.  1.  0.],7.66666666667,4.42207943234,1475430991.34
8.0,[ 17.93736598  21.45835276],[ 1.  1.  0.  1.  0.],8.0,4.4586739288,1475430991.91
8.33333333333,[ 18.36486777  22.50557472],[ 1.  1.  0.  1.  0.],8.33333333333,4.49478049864,1475430992.0
8.66666666667,[ 18.12000287  24.20550039],[ 1.  0.  1.  1.  0.],8.66666666667,4.53040564755,1475430992.34
9.0,[ 17.87840283  25.88276039],[ 1.  0.  1.  1.  0.],9.0,4.51000023891,1475430992.9
9.33333333333,[ 17.64002412  27.53765692],[ 1.  0.  1.  1.  0.],9.33333333333,4.48986690239,1475430993.0
9.66666666667,[ 17.4048238   29.17048816],[ 1.  0.  1.  1.  0.],9.66666666667,4.47000201036,1475430993.34
10.0,[ 17.17275949  30.78154832],[ 1.  0.  1.  1.  0.],10.0,4.45040198356,1475430993.91
10.3333333333,[ 16.94378936  32.37112767],[ 1.  0.  1.  1.  0.],10.3333333333,4.43106329044,1475430994.0
10.6666666667,[ 16.71787217  33.93951264],[ 1.  0.  1.  1.  0.],10.6666666667,4.41198244657,1475430994.34
11.0,[ 16.49496721  35.4869858 ],[ 1.  0.  1.  1.  0.],11.0,4.39315601395,1475430994.9
11.3333333333,[ 16.27503431  37.01382599],[ 1.  0.  1.  1.  0.],11.3333333333,4.37458060043,1475430995.0
11.6666666667,[ 16.05803385  38.52030831],[ 1.  0.  1.  1.  0.],11.6666666667,4.35625285909,1475430995.34
12.0,[ 15.84392673  40.0067042 ],[ 1.  0.  1.  1.  0.],12.0,4.33816948764,1475430995.9
12.3333333333,[ 15.63267438  41.47328148],[ 1.  0.  1.  1.  0.],12.3333333333,4.3203272278,1475430996.0
12.6666666667,[ 15.42423872  42.92030439],[ 1.  0.  1.  1.  0.],12.6666666667,4.30272286476,1475430996.34
13.0,[ 15.2185822   44.34803367],[ 1.  0.  1.  1.  0.],13.0,4.28535322657,1475430996.9
13.3333333333,[ 15.01566777  45.75672655],[ 1.  0.  1.  1.  0.],13.3333333333,4.26821518355,1475430997.0
13.6666666667,[ 14.81545887  47.14663686],[ 1.  0.  1.  1.  0.],13.6666666667,4.25130564777,1475430997.34
14.0,[ 15.28458608  47.85134837],[ 1.  1.  0.  1.  0.],14.0,4.23462157246,1475430997.9
14.3333333333,[ 15.0807916   49.21333039],[ 1.  0.  1.  1.  0.],14.3333333333,4.27371550705,1475430998.0
14.6666666667,[ 14.87971438  50.55715265],[ 1.  0.  1.  1.  0.],14.6666666667,4.25673263362,1475430998.34
15.0,[ 14.68131819  51.88305729],[ 1.  0.  1.  1.  0.],15.0,4.23997619851,1475430998.9
15.3333333333,[ 14.48556728  53.19128319],[ 1.  0.  1.  1.  0.],15.3333333333,4.22344318253,1475430999.0
15.6666666667,[ 14.29242638  54.48206608],[ 1.  0.  1.  1.  0.],15.6666666667,4.20713060676,1475430999.34
16.0,[ 14.1018607   55.75563853],[ 1.  0.  1.  1.  0.],16.0,4.19103553201,1475430999.9
16.3333333333,[ 13.91383589  57.01223002],[ 1.  0.  1.  1.  0.],16.3333333333,4.17515505825,1475431000.0
16.6666666667,[ 13.72831808  58.25206695],[ 1.  0.  1.  1.  0.],16.6666666667,4.15948632414,1475431000.34
17.0,[ 13.54527384  59.47537272],[ 1.  0.  1.  1.  0.],17.0,4.14402650648,1475431000.9
17.3333333333,[ 13.36467019  60.68236775],[ 1.  0.  1.  1.  0.],17.3333333333,4.12877281973,1475431001.0
17.6666666667,[ 13.18647458  61.87326952],[ 1.  0.  1.  1.  0.],17.6666666667,4.11372251546,1475431001.34
18.0,[ 13.01065492  63.04829259],[ 1.  0.  1.  1.  0.],18.0,4.09887288192,1475431001.92
18.3333333333,[ 12.83717952  64.20764869],[ 1.  0.  1.  1.  0.],18.3333333333,4.0842212435,1475431002.0
18.6666666667,[ 12.66601713  65.35154671],[ 1.  0.  1.  1.  0.],18.6666666667,4.06976496025,1475431002.34
19.0,[ 12.4971369   66.48019275],[ 1.  0.  1.  1.  0.],19.0,4.05550142745,1475431002.89
19.3333333333,[ 12.33050841  67.59379018],[ 1.  0.  1.  1.  0.],19.3333333333,4.04142807508,1475431003.0
19.6666666667,[ 12.16610163  68.69253965],[ 1.  0.  1.  1.  0.],19.6666666667,4.02754236742,1475431003.34
20.0,[ 12.00388694  69.77663912],[ 1.  0.  1.  1.  0.],20.0,4.01384180252,1475431003.89
20.3333333333,[ 11.84383512  70.84628393],[ 1.  0.  1.  1.  0.],20.3333333333,4.00032391182,1475431024.01
20.6666666667,[ 11.68591731  71.90166681],[ 1.  0.  1.  1.  0.],20.6666666667,3.98698625966,1475431024.01
21.0,[ 11.53010508  72.94297792],[ 1.  0.  1.  1.  0.],21.0,3.97382644286,1475431024.24
21.3333333333,[ 11.37637035  73.97040488],[ 1.  0.  1.  1.  0.],21.3333333333,3.96084209029,1475431024.25
21.6666666667,[ 11.22468541  74.98413281],[ 1.  0.  1.  1.  0.],21.6666666667,3.94803086242,1475431024.25
22.0,[ 11.07502294  75.98434438],[ 1.  0.  1.  1.  0.],22.0,3.93539045092,1475431024.49
22.3333333333,[ 10.92735597  76.97121979],[ 1.  0.  1.  1.  0.],22.3333333333,3.92291857824,1475431024.49
22.6666666667,[ 10.78165789  77.94493686],[ 1.  0.  1.  1.  0.],22.6666666667,3.9106129972,1475431024.49
23.0,[ 10.63790245  78.90567103],[ 1.  0.  1.  1.  0.],23.0,3.89847149057,1475431024.74
23.3333333333,[ 10.49606375  79.85359542],[ 1.  0.  1.  1.  0.],23.3333333333,3.8864918707,1475431024.74
23.6666666667,[ 10.35611623  80.78888081],[ 1.  0.  1.  1.  0.],23.6666666667,3.87467197909,1475431024.74
24.0,[  9.21803468  80.71169573],[ 0.  0.  0.  1.  1.],24.0,3.86300968603,1475431024.99
24.3333333333,[ 10.09512755  79.96887312],[ 1.  0.  1.  0.  1.],0.0,3.76816955689,1475431024.99
24.6666666667,[ 10.96052585  79.56928815],[ 1.  0.  1.  0.  0.],0.333333333333,3.84126062946,1475431024.99
25.0,[ 11.81438551  79.17503097],[ 1.  0.  1.  0.  0.],0.666666666667,3.9133771544,1475431025.22
25.3333333333,[ 12.65686037  78.78603056],[ 1.  0.  1.  0.  0.],1.0,3.98453212568,1475431025.22
25.6666666667,[ 13.48810223  78.40221682],[ 1.  0.  1.  0.  0.],1.33333333333,4.054738364,1475431025.22
26.0,[ 14.30826087  78.0235206 ],[ 1.  0.  1.  0.  0.],1.66666666667,4.12400851915,1475431025.45
26.3333333333,[ 15.11748406  77.64987365],[ 1.  0.  1.  0.  0.],2.0,4.19235507222,1475431025.45
26.6666666667,[ 15.9159176   77.28120867],[ 1.  0.  1.  0.  0.],2.33333333333,4.25979033793,1475431025.46
27.0,[ 17.37037203  76.25079256],[ 1.  1.  0.  0.  0.],2.66666666667,4.32632646676,1475431025.68
27.3333333333,[ 18.13876707  75.90078199],[ 1.  0.  1.  0.  0.],3.0,4.44753100275,1475431025.68
27.6666666667,[ 19.56358351  74.88877156],[ 1.  1.  0.  0.  0.],3.33333333333,4.51156392272,1475431025.68
28.0,[ 19.30273573  73.55692128],[ 0.  0.  0.  0.  1.],3.66666666667,4.63029862597,1475431025.91
28.3333333333,[ 19.71203259  73.24282899],[ 0.  1.  1.  0.  0.],0.0,4.60856131096,1475431025.91
28.6666666667,[ 20.11587215  72.9329246 ],[ 0.  1.  1.  0.  0.],0.0,4.64266938237,1475431025.91
29.0,[ 20.51432719  72.62715228],[ 0.  1.  1.  0.  0.],0.0,4.67632267949,1475431026.14
29.3333333333,[ 20.9074695   72.32545691],[ 0.  1.  1.  0.  0.],0.0,4.70952726599,1475431026.14
29.6666666667,[ 21.2953699   72.02778415],[ 0.  1.  1.  0.  0.],0.0,4.74228912466,1475431026.14
30.0,[ 21.6780983   71.73408037],[ 0.  1.  1.  0.  0.],0.0,4.77461415856,1475431026.37
30.3333333333,[ 22.05572366  71.44429263],[ 0.  1.  1.  0.  0.],0.0,4.806508192,1475431026.37
30.6666666667,[ 22.42831401  71.15836873],[ 0.  1.  1.  0.  0.],0.0,4.83797697166,1475431026.37
31.0,[ 22.79593649  70.87625714],[ 0.  1.  1.  0.  0.],0.0,4.86902616759,1475431026.6
31.3333333333,[ 23.15865734  70.59790705],[ 0.  1.  1.  0.  0.],0.0,4.89966137425,1475431026.6
31.6666666667,[ 22.84987524  69.65660162],[ 0.  0.  0.  0.  0.],0.0,4.92988811148,1475431026.6
32.0,[ 23.54521024  69.06118027],[ 1.  0.  1.  0.  1.],0.0,4.90415626999,1475431026.83
32.3333333333,[ 24.2312741   68.80703119],[ 1.  0.  1.  0.  0.],0.333333333333,4.96210085306,1475431026.83
32.6666666667,[ 24.90819045  68.55627078],[ 1.  0.  1.  0.  0.],0.666666666667,5.01927284169,1475431026.83
33.0,[ 25.57608124  68.30885384],[ 1.  0.  1.  0.  0.],1.0,5.07568253713,1475431027.05
33.3333333333,[ 26.23506682  68.06473578],[ 1.  0.  1.  0.  0.],1.33333333333,5.1313401033,1475431027.05
33.6666666667,[ 27.5519326   67.15720597],[ 1.  1.  0.  0.  0.],1.66666666667,5.18625556859,1475431027.05
34.0,[ 27.85124016  66.59510989],[ 0.  1.  1.  0.  1.],2.0,5.29599438323,1475431027.29
34.3333333333,[ 28.14655696  66.37384176],[ 0.  1.  1.  0.  0.],0.0,5.32093668034,1475431027.29
34.6666666667,[ 28.4379362   66.15552387],[ 0.  1.  1.  0.  0.],0.0,5.3455464135,1475431027.29
35.0,[ 28.72543039  65.94011689],[ 0.  1.  1.  0.  0.],0.0,5.36982801687,1475431027.52
35.3333333333,[ 29.00909131  65.727582  ],[ 0.  1.  1.  0.  0.],0.0,5.39378586553,1475431027.52
35.6666666667,[ 29.2889701  65.5178809],[ 0.  1.  1.  0.  0.],0.0,5.41742427622,1475431027.52
36.0,[ 29.56511716  65.31097582],[ 0.  1.  1.  0.  0.],0.0,5.44074750809,1475431027.75
36.3333333333,[ 29.83758227  65.10682948],[ 0.  1.  1.  0.  0.],0.0,5.46375976354,1475431027.75
36.6666666667,[ 30.1064145   64.90540509],[ 0.  1.  1.  0.  0.],0.0,5.48646518891,1475431027.75
37.0,[ 30.37166231  64.70666635],[ 0.  1.  1.  0.  0.],0.0,5.50886787528,1475431027.98
37.3333333333,[ 30.63337348  64.51057747],[ 0.  1.  1.  0.  0.],0.0,5.53097185917,1475431027.98
37.6666666667,[ 30.89159517  64.3171031 ],[ 0.  1.  1.  0.  0.],0.0,5.55278112327,1475431027.98
38.0,[ 31.1463739   64.12620839],[ 0.  1.  1.  0.  0.],0.0,5.57429959718,1475431028.21
38.3333333333,[ 31.39775558  63.93785895],[ 0.  1.  1.  0.  0.],0.0,5.59553115811,1475431028.21
38.6666666667,[ 31.6457855   63.75202083],[ 0.  1.  1.  0.  0.],0.0,5.61647963155,1475431028.21
39.0,[ 31.89050836  63.56866055],[ 0.  1.  1.  0.  0.],0.0,5.63714879202,1475431028.43
39.3333333333,[ 32.13196825  63.38774508],[ 0.  1.  1.  0.  0.],0.0,5.65754236368,1475431028.43
39.6666666667,[ 32.37020868  63.20924181],[ 0.  1.  1.  0.  0.],0.0,5.67766402106,1475431028.43
40.0,[ 32.60527256  63.03311858],[ 0.  1.  1.  0.  0.],0.0,5.69751738966,1475431028.66
40.3333333333,[ 32.83720226  62.85934367],[ 0.  1.  1.  0.  0.],0.0,5.71710604669,1475431028.66
40.6666666667,[ 33.06603956  62.68788575],[ 0.  1.  1.  0.  0.],0.0,5.73643352162,1475431028.66
41.0,[ 32.62515904  61.85204728],[ 0.  0.  0.  0.  0.],0.0,5.75550329689,1475431028.88
41.3333333333,[ 32.85682358  61.69401998],[ 0.  1.  1.  0.  0.],0.0,5.71876325293,1475431028.88
41.6666666667,[ 33.08539927  61.53809971],[ 0.  1.  1.  0.  0.],0.0,5.73806863178,1475431028.89
42.0,[ 33.31092728  61.38425838],[ 0.  1.  1.  0.  0.],0.0,5.75711660558,1475431029.11
42.3333333333,[ 33.53344825  61.23246827],[ 0.  1.  1.  0.  0.],0.0,5.7759106064,1475431029.11
42.6666666667,[ 33.75300227  61.08270203],[ 0.  1.  1.  0.  0.],0.0,5.79445402053,1475431029.11
43.0,[ 33.96962891  60.93493267],[ 0.  1.  1.  0.  0.],0.0,5.81275018915,1475431029.35
43.3333333333,[ 33.51670052  60.1224669 ],[ 0.  0.  0.  0.  0.],0.0,5.83080240885,1475431029.35
43.6666666667,[ 33.73647785  59.98750067],[ 0.  1.  1.  0.  0.],0.0,5.79305837673,1475431029.35
44.0,[ 33.28665814  59.18766733],[ 0.  0.  0.  0.  0.],0.0,5.81137315393,1475431029.59
44.3333333333,[ 33.5095027  59.0651651],[ 0.  1.  1.  0.  0.],0.0,5.77388817854,1475431029.59
44.6666666667,[ 33.729376    58.94429623],[ 0.  1.  1.  0.  0.],0.0,5.79245855839,1475431029.59
45.0,[ 33.94631765  58.82503895],[ 0.  1.  1.  0.  0.],0.0,5.81078133316,1475431029.81
45.3333333333,[ 34.16036675  58.70737176],[ 0.  1.  1.  0.  0.],0.0,5.82885980428,1475431029.81
45.6666666667,[ 34.37156186  58.59127347],[ 0.  1.  1.  0.  0.],0.0,5.84669722911,1475431029.81
46.0,[ 34.57994103  58.47672316],[ 0.  1.  1.  0.  0.],0.0,5.86429682161,1475431030.04
46.3333333333,[ 34.78554182  58.36370019],[ 0.  1.  1.  0.  0.],0.0,5.88166175288,1475431030.04
46.6666666667,[ 34.98840126  58.25218418],[ 0.  1.  1.  0.  0.],0.0,5.89879515173,1475431030.33
47.0,[ 35.18855591  58.14215506],[ 0.  1.  1.  0.  0.],0.0,5.91570010526,1475431030.89
47.3333333333,[ 35.38604183  58.03359299],[ 0.  1.  1.  0.  0.],0.0,5.93237965941,1475431031.0
47.6666666667,[ 35.58089461  57.92647842],[ 0.  1.  1.  0.  0.],0.0,5.94883681951,1475431031.34
48.0,[ 35.77314935  57.82079204],[ 0.  1.  1.  0.  0.],0.0,5.9650745508,1475431031.89
48.3333333333,[ 35.96284069  57.71651481],[ 0.  1.  1.  0.  0.],0.0,5.98109577901,1475431032.0
48.6666666667,[ 36.15000281  57.61362795],[ 0.  1.  1.  0.  0.],0.0,5.99690339085,1475431032.34
49.0,[ 36.33466944  57.51211291],[ 0.  1.  1.  0.  0.],0.0,6.01250023453,1475431032.89
49.3333333333,[ 36.51687385  57.4119514 ],[ 0.  1.  1.  0.  0.],0.0,6.02788912029,1475431033.0
49.6666666667,[ 36.69664887  57.31312539],[ 0.  1.  1.  0.  0.],0.0,6.04307282091,1475431033.33
50.0,[ 36.87402688  57.21561705],[ 0.  1.  1.  0.  0.],0.0,6.05805407218,1475431033.9
50.3333333333,[ 37.04903986  57.11940882],[ 0.  1.  1.  0.  0.],0.0,6.07283557344,1475431034.0
50.6666666667,[ 37.22171932  57.02448337],[ 0.  1.  1.  0.  0.],0.0,6.08741998802,1475431034.33
51.0,[ 37.3920964   56.93082359],[ 0.  1.  1.  0.  0.],0.0,6.10180994374,1475431034.9
51.3333333333,[ 37.56020178  56.83841261],[ 0.  1.  1.  0.  0.],0.0,6.11600803337,1475431035.0
51.6666666667,[ 37.72606576  56.74723377],[ 0.  1.  1.  0.  0.],0.0,6.13001681515,1475431035.33
52.0,[ 37.88971821  56.65727066],[ 0.  1.  1.  0.  0.],0.0,6.14383881317,1475431035.9
52.3333333333,[ 38.05118864  56.56850705],[ 0.  1.  1.  0.  0.],0.0,6.15747651789,1475431036.0
52.6666666667,[ 38.21050612  56.48092696],[ 0.  1.  1.  0.  0.],0.0,6.17093238654,1475431036.33
53.0,[ 38.36769937  56.3945146 ],[ 0.  1.  1.  0.  0.],0.0,6.1842088436,1475431036.89
53.3333333333,[ 38.52279672  56.3092544 ],[ 0.  1.  1.  0.  0.],0.0,6.19730828125,1475431037.0
53.6666666667,[ 38.67582609  56.22513101],[ 0.  1.  1.  0.  0.],0.0,6.21023305972,1475431037.33
54.0,[ 38.82681508  56.14212926],[ 0.  1.  1.  0.  0.],0.0,6.22298550781,1475431037.88
54.3333333333,[ 38.97579088  56.06023421],[ 0.  1.  1.  0.  0.],0.0,6.23556792326,1475431038.0
54.6666666667,[ 39.12278033  55.97943108],[ 0.  1.  1.  0.  0.],0.0,6.24798257317,1475431038.34
55.0,[ 39.26780993  55.89970534],[ 0.  1.  1.  0.  0.],0.0,6.26023169442,1475431038.89
55.3333333333,[ 39.4109058  55.8210426],[ 0.  1.  1.  0.  0.],0.0,6.27231749405,1475431039.0
55.6666666667,[ 39.55209372  55.7434287 ],[ 0.  1.  1.  0.  0.],0.0,6.28424214969,1475431039.34
56.0,[ 39.69139914  55.66684965],[ 0.  1.  1.  0.  0.],0.0,6.29600780991,1475431039.89
56.3333333333,[ 39.82884715  55.59129165],[ 0.  1.  1.  0.  0.],0.0,6.30761659467,1475431040.0
56.6666666667,[ 39.29779585  54.85007443],[ 0.  0.  0.  0.  0.],0.0,6.31907059563,1475431040.33
57.0,[ 39.77382524  54.45207344],[ 1.  0.  1.  0.  1.],0.0,6.27481632102,1475431040.9
57.3333333333,[ 40.24350757  54.39271246],[ 1.  0.  1.  0.  0.],0.333333333333,6.31448543674,1475431041.0
57.6666666667,[ 40.70692747  54.33414296],[ 1.  0.  1.  0.  0.],0.666666666667,6.35362563092,1475431041.33
58.0,[ 41.16416844  54.27635439],[ 1.  0.  1.  0.  0.],1.0,6.39224395584,1475431041.88
58.3333333333,[ 42.28197952  53.55266966],[ 1.  1.  0.  0.  0.],1.33333333333,6.43034736976,1475431042.0
58.6666666667,[ 42.7182198   53.50530073],[ 1.  0.  1.  0.  0.],1.66666666667,6.52349829372,1475431042.33
59.0,[ 43.14864353  53.45856339],[ 1.  0.  1.  0.  0.],2.0,6.5598516498,1475431042.91
59.3333333333,[ 43.57332829  53.41244921],[ 1.  0.  1.  0.  0.],2.33333333333,6.59572029447,1475431043.0
59.6666666667,[ 43.99235058  53.36694989],[ 1.  0.  1.  0.  0.],2.66666666667,6.63111069055,1475431043.33
60.0,[ 44.4057859   53.32205722],[ 1.  0.  1.  0.  0.],3.0,6.66602921467,1475431043.88
60.3333333333,[ 45.48037542  52.61109646],[ 1.  1.  0.  0.  0.],3.33333333333,6.70048215848,1475431044.0
60.6666666667,[ 45.87397042  52.57628184],[ 1.  0.  1.  0.  0.],3.66666666667,6.79003128525,1475431044.33
61.0,[ 46.26231748  52.54193142],[ 1.  0.  1.  0.  0.],4.0,6.82283086811,1475431044.89
61.3333333333,[ 46.64548658  52.508039  ],[ 1.  0.  1.  0.  0.],4.33333333333,6.85519312321,1475431045.0
61.6666666667,[ 47.02354676  52.47459848],[ 1.  0.  1.  0.  0.],4.66666666667,6.88712388156,1475431045.34
62.0,[ 47.39656613  52.44160383],[ 1.  0.  1.  0.  0.],5.0,6.91862889648,1475431045.88
62.3333333333,[ 47.76461192  52.40904911],[ 1.  0.  1.  0.  0.],5.33333333333,6.94971384452,1475431046.0
62.6666666667,[ 48.12775043  52.37692846],[ 1.  0.  1.  0.  0.],5.66666666667,6.9803843266,1475431046.34
63.0,[ 48.48604709  52.34523608],[ 1.  0.  1.  0.  0.],6.0,7.01064586891,1475431046.89
63.3333333333,[ 48.83956646  52.31396626],[ 1.  0.  1.  0.  0.],6.33333333333,7.04050392399,1475431047.0
63.6666666667,[ 49.18837224  52.28311338],[ 1.  0.  1.  0.  0.],6.66666666667,7.06996387167,1475431047.34
64.0,[ 50.19919394  51.5860052 ],[ 1.  1.  0.  0.  0.],7.0,7.09903102005,1475431047.9
64.3333333333,[ 49.52987136  52.8981918 ],[ 1.  0.  1.  1.  0.],7.33333333333,7.183266162,1475431048.0
64.6666666667,[ 48.86947307  54.19288258],[ 1.  0.  1.  1.  0.],7.66666666667,7.12748927984,1475431048.33
65.0,[ 48.2178801   55.47031081],[ 1.  0.  1.  1.  0.],8.0,7.07245608944,1475431048.89
65.3333333333,[ 47.57497503  56.73070666],[ 1.  0.  1.  1.  0.],8.33333333333,7.01815667492,1475431049.0
65.6666666667,[ 46.94064203  57.97429724],[ 1.  0.  1.  1.  0.],8.66666666667,6.96458125259,1475431049.34
66.0,[ 46.3147668   59.20130661],[ 1.  0.  1.  1.  0.],9.0,6.91172016922,1475431049.9
66.3333333333,[ 45.69723658  60.41195586],[ 1.  0.  1.  1.  0.],9.33333333333,6.8595639003,1475431050.0
66.6666666667,[ 45.08794009  61.60646311],[ 1.  0.  1.  1.  0.],9.66666666667,6.80810304829,1475431050.33
67.0,[ 44.48676756  62.7850436 ],[ 1.  0.  1.  1.  0.],10.0,6.75732834098,1475431050.91
67.3333333333,[ 43.89361066  63.94790969],[ 1.  0.  1.  1.  0.],10.3333333333,6.70723062977,1475431051.0
67.6666666667,[ 43.30836251  65.09527089],[ 1.  0.  1.  1.  0.],10.6666666667,6.65780088804,1475431051.33
68.0,[ 42.73091768  66.22733395],[ 1.  0.  1.  1.  0.],11.0,6.60903020953,1475431051.9
68.3333333333,[ 42.16117211  67.34430283],[ 1.  0.  1.  1.  0.],11.3333333333,6.56090980674,1475431052.0
68.6666666667,[ 41.59902315  68.44637879],[ 1.  0.  1.  1.  0.],11.6666666667,6.51343100931,1475431052.34
69.0,[ 41.71103617  68.86709374],[ 1.  1.  0.  1.  0.],12.0,6.46658526252,1475431052.89
69.3333333333,[ 41.15488903  69.94886582],[ 1.  0.  1.  1.  0.],12.3333333333,6.47591968124,1475431053.0
69.6666666667,[ 40.60615717  71.01621428],[ 1.  0.  1.  1.  0.],12.6666666667,6.42957408549,1475431053.34
70.0,[ 40.06474174  72.06933142],[ 1.  0.  1.  1.  0.],13.0,6.38384643102,1475431053.89
70.3333333333,[ 39.53054519  73.108407  ],[ 1.  0.  1.  1.  0.],13.3333333333,6.33872847861,1475431054.0
70.6666666667,[ 39.00347125  74.13362824],[ 1.  0.  1.  1.  0.],13.6666666667,6.29421209889,1475431054.34
71.0,[ 38.48342497  75.14517987],[ 1.  0.  1.  1.  0.],14.0,6.25028927091,1475431054.9
71.3333333333,[ 37.97031263  76.14324414],[ 1.  0.  1.  1.  0.],14.3333333333,6.20695208063,1475431055.0
71.6666666667,[ 37.4640418   77.12800088],[ 1.  0.  1.  1.  0.],14.6666666667,6.16419271955,1475431055.34
72.0,[ 36.96452124  78.09962753],[ 1.  0.  1.  1.  0.],15.0,6.12200348329,1475431055.93
72.3333333333,[ 36.47166096  79.05829917],[ 1.  0.  1.  1.  0.],15.3333333333,6.08037677018,1475431056.0
72.6666666667,[ 35.98537215  80.00418851],[ 1.  0.  1.  1.  0.],15.6666666667,6.03930507991,1475431056.34
73.0,[ 35.50556718  80.937466  ],[ 1.  0.  1.  1.  0.],16.0,5.99878101218,1475431056.91
73.3333333333,[ 34.03215962  80.85829979],[ 0.  0.  0.  1.  1.],16.3333333333,5.95879726535,1475431057.0
73.6666666667,[ 34.57839749  80.11352245],[ 1.  0.  1.  0.  1.],0.0,5.83601330181,1475431057.34
74.0,[ 35.11735219  79.71200882],[ 1.  0.  1.  0.  0.],0.333333333333,5.88153312446,1475431057.9
74.3333333333,[ 35.64912083  79.3158487 ],[ 1.  0.  1.  0.  0.],0.666666666667,5.92644601613,1475431058.0
74.6666666667,[ 36.17379922  78.92497072],[ 1.  0.  1.  0.  0.],1.0,5.97076006925,1475431058.34
75.0,[ 36.6914819   78.53930445],[ 1.  0.  1.  0.  0.],1.33333333333,6.01448326833,1475431058.89
75.3333333333,[ 37.20226214  78.15878039],[ 1.  0.  1.  0.  0.],1.66666666667,6.05762349141,1475431059.0
75.6666666667,[ 38.37289864  77.11666331],[ 1.  1.  0.  0.  0.],2.0,6.10018851153,1475431059.34
76.0,[ 37.86125999  75.7551078 ],[ 0.  0.  0.  0.  1.],2.33333333333,6.1977415536,1475431059.9
76.3333333333,[ 38.02310986  75.41170637],[ 0.  1.  1.  0.  0.],0.0,6.15510499955,1475431060.0
76.6666666667,[ 38.18280173  75.07288361],[ 0.  1.  1.  0.  0.],0.0,6.16859248844,1475431060.34
77.0,[ 38.34036437  74.7385785 ],[ 0.  1.  1.  0.  0.],0.0,6.18190014415,1475431060.89
77.3333333333,[ 38.49582618  74.40873079],[ 0.  1.  1.  0.  0.],0.0,6.19503036445,1475431061.0
77.6666666667,[ 38.64921517  74.08328104],[ 0.  1.  1.  0.  0.],0.0,6.20798551515,1475431061.34
78.0,[ 38.80055896  73.76217063],[ 0.  1.  1.  0.  0.],0.0,6.2207679305,1475431061.9
78.3333333333,[ 38.94988484  73.44534169],[ 0.  1.  1.  0.  0.],0.0,6.23337991365,1475431062.0
78.6666666667,[ 39.09721971  73.13273713],[ 0.  1.  1.  0.  0.],0.0,6.24582373703,1475431062.34
79.0,[ 39.24259012  72.82430064],[ 0.  1.  1.  0.  0.],0.0,6.25810164276,1475431062.9
79.3333333333,[ 39.38602225  72.51997663],[ 0.  1.  1.  0.  0.],0.0,6.27021584307,1475431063.0
79.6666666667,[ 39.52754195  72.21971027],[ 0.  1.  1.  0.  0.],0.0,6.28216852072,1475431063.33
80.0,[ 39.00050806  71.2567808 ],[ 0.  0.  0.  0.  0.],0.0,6.29396182933,1475431063.9
80.3333333333,[ 39.14716795  70.97335706],[ 0.  1.  1.  0.  0.],0.0,6.25004233828,1475431064.0
80.6666666667,[ 39.29187238  70.6937123 ],[ 0.  1.  1.  0.  0.],0.0,6.26226399599,1475431064.34
81.0,[ 39.43464741  70.41779613],[ 0.  1.  1.  0.  0.],0.0,6.27432269826,1475431064.89
81.3333333333,[ 39.57551878  70.14555885],[ 0.  1.  1.  0.  0.],0.0,6.28622061784,1475431065.0
81.6666666667,[ 39.71451186  69.8769514 ],[ 0.  1.  1.  0.  0.],0.0,6.29795989849,1475431065.34
82.0,[ 39.85165171  69.61192538],[ 0.  1.  1.  0.  0.],0.0,6.3095426554,1475431065.89
82.3333333333,[ 39.98696302  69.35043304],[ 0.  1.  1.  0.  0.],0.0,6.32097097555,1475431066.0
82.6666666667,[ 40.12047018  69.09242727],[ 0.  1.  1.  0.  0.],0.0,6.3322469181,1475431066.34
83.0,[ 39.58553057  68.17119491],[ 0.  0.  0.  0.  0.],0.0,6.34337251475,1475431066.9
83.3333333333,[ 39.72439017  67.92891231],[ 0.  1.  1.  0.  0.],0.0,6.29879421455,1475431067.0
83.6666666667,[ 39.8613983   67.68986014],[ 0.  1.  1.  0.  0.],0.0,6.31036584725,1475431067.34
84.0,[ 39.99657965  67.45399534],[ 0.  1.  1.  0.  0.],0.0,6.32178319151,1475431067.91
84.3333333333,[ 40.12995859  67.2212754 ],[ 0.  1.  1.  0.  0.],0.0,6.33304830451,1475431068.0
84.6666666667,[ 39.59489248  66.32499173],[ 0.  0.  0.  0.  0.],0.0,6.344163216,1475431068.34
85.0,[ 40.06696058  65.77399184],[ 1.  0.  1.  0.  1.],0.0,6.29957437312,1475431068.89
85.3333333333,[ 40.53273444  65.56367195],[ 1.  0.  1.  0.  0.],0.333333333333,6.33891338148,1475431069.0
85.6666666667,[ 40.99229798  65.35615632],[ 1.  0.  1.  0.  0.],0.666666666667,6.37772786973,1475431069.34
86.0,[ 41.445734    65.15140757],[ 1.  0.  1.  0.  0.],1.0,6.41602483147,1475431069.9
86.3333333333,[ 41.89312422  64.94938881],[ 1.  0.  1.  0.  0.],1.33333333333,6.45381116705,1475431070.0
86.6666666667,[ 42.33454923  64.75006362],[ 1.  0.  1.  0.  0.],1.66666666667,6.49109368482,1475431070.34
87.0,[ 42.77008857  64.55339611],[ 1.  0.  1.  0.  0.],2.0,6.52787910235,1475431070.89
87.3333333333,[ 43.19982072  64.35935083],[ 1.  0.  1.  0.  0.],2.33333333333,6.56417404766,1475431071.0
87.6666666667,[ 43.62382311  64.16789281],[ 1.  0.  1.  0.  0.],2.66666666667,6.59998506035,1475431071.34
88.0,[ 44.04217214  63.97898758],[ 1.  0.  1.  0.  0.],3.0,6.63531859288,1475431071.9
88.3333333333,[ 44.45494318  63.79260108],[ 1.  0.  1.  0.  0.],3.33333333333,6.67018101164,1475431072.0
88.6666666667,[ 45.52887727  62.94203306],[ 1.  1.  0.  0.  0.],3.66666666667,6.70457859816,1475431072.34
89.0,[ 45.58849224  62.43613929],[ 0.  1.  1.  0.  1.],4.0,6.79407310574,1475431072.9
89.3333333333,[ 44.98064568  61.60365743],[ 0.  0.  0.  0.  0.],0.0,6.79904101988,1475431073.0
89.6666666667,[ 45.0475704  61.448942 ],[ 0.  1.  1.  0.  0.],0.0,6.74838713962,1475431073.34
90.0,[ 45.11360279  61.29628944],[ 0.  1.  1.  0.  0.],0.0,6.75396419998,1475431073.9
90.3333333333,[ 44.51208809  60.47900558],[ 0.  0.  0.  0.  0.],0.0,6.75946689953,1475431074.0
90.6666666667,[ 44.58526025  60.3392855 ],[ 0.  1.  1.  0.  0.],0.0,6.70934067421,1475431074.34
91.0,[ 44.65745678  60.20142836],[ 0.  1.  1.  0.  0.],0.0,6.71543835411,1475431074.89
91.3333333333,[ 44.72869069  60.06540932],[ 0.  1.  1.  0.  0.],0.0,6.72145473161,1475431075.0
91.6666666667,[ 44.79897481  59.93120386],[ 0.  1.  1.  0.  0.],0.0,6.72739089074,1475431075.34
92.0,[ 44.86832182  59.79878781],[ 0.  1.  1.  0.  0.],0.0,6.73324790109,1475431075.9
92.3333333333,[ 44.93674419  59.66813731],[ 0.  1.  1.  0.  0.],0.0,6.73902681796,1475431076.0
92.6666666667,[ 45.00425427  59.53922881],[ 0.  1.  1.  0.  0.],0.0,6.74472868261,1475431076.34
93.0,[ 45.07086421  59.41203909],[ 0.  1.  1.  0.  0.],0.0,6.7503545224,1475431076.89
93.3333333333,[ 45.13658602  59.28654524],[ 0.  1.  1.  0.  0.],0.0,6.75590535099,1475431077.0
93.6666666667,[ 45.20143154  59.16272463],[ 0.  1.  1.  0.  0.],0.0,6.76138216853,1475431077.34
94.0,[ 45.26541245  59.04055497],[ 0.  1.  1.  0.  0.],0.0,6.76678596184,1475431077.9
94.3333333333,[ 45.32854029  58.92001424],[ 0.  1.  1.  0.  0.],0.0,6.77211770457,1475431078.0
94.6666666667,[ 45.39082642  58.80108072],[ 0.  1.  1.  0.  0.],0.0,6.7773783574,1475431078.33
95.0,[ 45.45228207  58.68373297],[ 0.  1.  1.  0.  0.],0.0,6.78256886819,1475431078.9
95.3333333333,[ 45.51291831  58.56794987],[ 0.  1.  1.  0.  0.],0.0,6.78769017217,1475431079.0
95.6666666667,[ 45.57274606  58.45371053],[ 0.  1.  1.  0.  0.],0.0,6.79274319209,1475431079.34
96.0,[ 45.63177611  58.34099439],[ 0.  1.  1.  0.  0.],0.0,6.79772883842,1475431079.9
96.3333333333,[ 45.6900191   58.22978114],[ 0.  1.  1.  0.  0.],0.0,6.80264800947,1475431080.0
96.6666666667,[ 45.74748551  58.12005072],[ 0.  1.  1.  0.  0.],0.0,6.80750159156,1475431080.33
97.0,[ 45.13751904  57.34511671],[ 0.  0.  0.  0.  0.],0.0,6.81229045923,1475431080.89
97.3333333333,[ 45.20235212  57.24718182],[ 0.  1.  1.  0.  0.],0.0,6.76145991977,1475431081.0
97.6666666667,[ 45.26632076  57.15055273],[ 0.  1.  1.  0.  0.],0.0,6.7668626764,1475431081.34
98.0,[ 45.32943648  57.05521203],[ 0.  1.  1.  0.  0.],0.0,6.77219339627,1475431081.89
98.3333333333,[ 45.39171066  56.96114253],[ 0.  1.  1.  0.  0.],0.0,6.77745303987,1475431082.0
98.6666666667,[ 45.45315452  56.8683273 ],[ 0.  1.  1.  0.  0.],0.0,6.7826425549,1475431082.34
99.0,[ 45.51377912  56.7767496 ],[ 0.  1.  1.  0.  0.],0.0,6.78776287639,1475431082.9
99.3333333333,[ 45.5735954   56.68639294],[ 0.  1.  1.  0.  0.],0.0,6.79281492692,1475431083.0
99.6666666667,[ 44.96594746  55.93057437],[ 0.  0.  0.  0.  0.],0.0,6.79779961679,1475431083.34
100.0,[ 45.3664015   55.51816671],[ 1.  0.  1.  0.  1.],0.0,6.74716228856,1475431083.91
100.333333333,[ 45.76151614  55.44459115],[ 1.  0.  1.  0.  0.],0.333333333333,6.78053345805,1475431084.0
100.666666667,[ 46.15136259  55.37199661],[ 1.  0.  1.  0.  0.],0.666666666667,6.81345967861,1475431084.34
101.0,[ 46.53601109  55.30036998],[ 1.  0.  1.  0.  0.],1.0,6.84594688289,1475431084.9
101.333333333,[ 46.91553095  55.22969838],[ 1.  0.  1.  0.  0.],1.33333333333,6.87800092446,1475431085.0
101.666666667,[ 47.28999053  55.15996907],[ 1.  0.  1.  0.  0.],1.66666666667,6.9096275788,1475431085.33
102.0,[ 47.65945733  55.09116948],[ 1.  0.  1.  0.  0.],2.0,6.94083254441,1475431085.89
102.333333333,[ 48.02399789  55.02328723],[ 1.  0.  1.  0.  0.],2.33333333333,6.97162144382,1475431086.0
102.666666667,[ 48.38367792  54.95631006],[ 1.  0.  1.  0.  0.],2.66666666667,7.00199982457,1475431086.33
103.0,[ 48.73856222  54.89022593],[ 1.  0.  1.  0.  0.],3.0,7.03197316024,1475431086.9
103.333333333,[ 49.08871472  54.82502292],[ 1.  0.  1.  0.  0.],3.33333333333,7.06154685144,1475431087.0
103.666666667,[ 50.10086519  54.09402261],[ 1.  1.  0.  0.  0.],3.66666666667,7.09072622675,1475431087.33
104.0,[ 50.09952032  53.70610231],[ 0.  1.  1.  0.  1.],4.0,7.17507209929,1475431087.89
104.333333333,[ 50.09819338  53.65668761],[ 0.  1.  1.  0.  0.],0.0,7.17496002685,1475431088.0
104.666666667,[ 50.09688414  53.60793178],[ 0.  1.  1.  0.  0.],0.0,7.17484944871,1475431088.34
105.0,[ 50.09559235  53.55982602],[ 0.  1.  1.  0.  0.],0.0,7.17474034495,1475431088.9
105.333333333,[ 50.09431779  53.51236167],[ 0.  1.  1.  0.  0.],0.0,7.17463269591,1475431089.0
105.666666667,[ 50.09306022  53.46553018],[ 0.  1.  1.  0.  0.],0.0,7.17452648219,1475431089.33
106.0,[ 50.09181941  53.41932311],[ 0.  1.  1.  0.  0.],0.0,7.17442168465,1475431089.89
106.333333333,[ 50.09059515  53.37373214],[ 0.  1.  1.  0.  0.],0.0,7.17431828441,1475431090.0
106.666666667,[ 50.08938722  53.32874904],[ 0.  1.  1.  0.  0.],0.0,7.17421626284,1475431090.34
107.0,[ 50.08819539  53.28436572],[ 0.  1.  1.  0.  0.],0.0,7.17411560155,1475431090.9
107.333333333,[ 50.08701945  53.24057418],[ 0.  1.  1.  0.  0.],0.0,7.17401628242,1475431091.0
107.666666667,[ 50.08585919  53.19736652],[ 0.  1.  1.  0.  0.],0.0,7.17391828755,1475431091.34
108.0,[ 50.0847144   53.15473497],[ 0.  1.  1.  0.  0.],0.0,7.17382159927,1475431091.91
108.333333333,[ 50.08358488  53.11267184],[ 0.  1.  1.  0.  0.],0.0,7.17372620017,1475431092.0
108.666666667,[ 49.41580374  52.40450288],[ 0.  0.  0.  0.  0.],0.0,7.17363207305,1475431092.33
109.0,[ 49.75692636  52.03910951],[ 1.  0.  1.  0.  1.],0.0,7.11798364541,1475431092.9
109.333333333,[ 50.09350068  52.01192138],[ 1.  0.  1.  0.  0.],0.333333333333,7.14641053014,1475431093.0
109.666666667,[ 50.42558733  51.98509576],[ 1.  0.  1.  0.  0.],0.666666666667,7.17445838974,1475431093.33
110.0,[ 50.75324617  51.95862782],[ 1.  0.  1.  0.  0.],1.0,7.20213227787,1475431093.89
110.333333333,[ 51.07653622  51.93251278],[ 1.  0.  1.  0.  0.],1.33333333333,7.22943718084,1475431094.0
110.666666667,[ 51.39551574  51.90674595],[ 1.  0.  1.  0.  0.],1.66666666667,7.25637801843,1475431094.33
111.0,[ 51.71024219  51.88132267],[ 1.  0.  1.  0.  0.],2.0,7.28295964485,1475431094.9
111.333333333,[ 52.0207723   51.85623836],[ 1.  0.  1.  0.  0.],2.33333333333,7.30918684958,1475431095.0
111.666666667,[ 52.327162    51.83148852],[ 1.  0.  1.  0.  0.],2.66666666667,7.33506435825,1475431095.33
112.0,[ 52.62946651  51.80706867],[ 1.  0.  1.  0.  0.],3.0,7.36059683348,1475431095.89
112.333333333,[ 52.92774029  51.78297442],[ 1.  0.  1.  0.  0.],3.33333333333,7.3857888757,1475431096.0
112.666666667,[ 53.22203708  51.75920143],[ 1.  0.  1.  0.  0.],3.66666666667,7.41064502402,1475431096.34
113.0,[ 53.51240992  51.73574541],[ 1.  0.  1.  0.  0.],4.0,7.43516975703,1475431096.9
113.333333333,[ 53.79891112  51.71260214],[ 1.  0.  1.  0.  0.],4.33333333333,7.45936749361,1475431097.0
113.666666667,[ 54.08159231  51.68976744],[ 1.  0.  1.  0.  0.],4.66666666667,7.48324259369,1475431097.33
114.0,[ 54.36050441  51.66723721],[ 1.  0.  1.  0.  0.],5.0,7.50679935911,1475431097.9
114.333333333,[ 54.63569769  51.64500738],[ 1.  0.  1.  0.  0.],5.33333333333,7.53004203432,1475431098.0
114.666666667,[ 54.90722172  51.62307395],[ 1.  0.  1.  0.  0.],5.66666666667,7.5529748072,1475431098.34
115.0,[ 55.17512543  51.60143296],[ 1.  0.  1.  0.  0.],6.0,7.57560180977,1475431098.9
115.333333333,[ 55.43945709  51.58008052],[ 1.  0.  1.  0.  0.],6.33333333333,7.59792711897,1475431099.0
115.666666667,[ 55.70026433  51.55901278],[ 1.  0.  1.  0.  0.],6.66666666667,7.61995475739,1475431099.34
116.0,[ 55.95759414  51.53822595],[ 1.  0.  1.  0.  0.],7.0,7.64168869395,1475431099.9
116.333333333,[ 56.21149288  51.51771627],[ 1.  0.  1.  0.  0.],7.33333333333,7.6631328447,1475431100.0
116.666666667,[ 56.46200631  51.49748005],[ 1.  0.  1.  0.  0.],7.66666666667,7.68429107344,1475431100.33
117.0,[ 55.70917956  52.81084698],[ 1.  0.  1.  1.  0.],8.0,7.70516719246,1475431100.9
117.333333333,[ 54.9663905   54.10670236],[ 1.  0.  1.  1.  0.],8.33333333333,7.64243162989,1475431101.0
117.666666667,[ 54.23350529  55.38527966],[ 1.  0.  1.  1.  0.],8.66666666667,7.58053254149,1475431101.33
118.0,[ 53.51039189  56.64680926],[ 1.  0.  1.  1.  0.],9.0,7.51945877427,1475431101.9
118.333333333,[ 52.79692     57.89151847],[ 1.  0.  1.  1.  0.],9.33333333333,7.45919932395,1475431102.0
118.666666667,[ 52.09296106  59.11963156],[ 1.  0.  1.  1.  0.],9.66666666667,7.39974333296,1475431102.33
119.0,[ 51.39838825  60.33136981],[ 1.  0.  1.  1.  0.],10.0,7.34108008853,1475431102.9
119.333333333,[ 50.7130764   61.52695154],[ 1.  0.  1.  1.  0.],10.3333333333,7.28319902068,1475431103.0
119.666666667,[ 50.03690205  62.70659219],[ 1.  0.  1.  1.  0.],10.6666666667,7.2260897004,1475431103.34
120.0,[ 49.36974336  63.87050429],[ 1.  0.  1.  1.  0.],11.0,7.16974183773,1475431103.9
120.333333333,[ 49.37814678  64.3522309 ],[ 1.  1.  0.  1.  0.],11.3333333333,7.11414527989,1475431104.0
120.666666667,[ 48.71977149  65.49420116],[ 1.  0.  1.  1.  0.],11.6666666667,7.11484556505,1475431104.33
121.0,[ 48.07017454  66.62094514],[ 1.  0.  1.  1.  0.],12.0,7.05998095752,1475431104.89
121.333333333,[ 47.42923888  67.73266587],[ 1.  0.  1.  1.  0.],12.3333333333,7.00584787808,1475431105.0
121.666666667,[ 46.79684902  68.82956366],[ 1.  0.  1.  1.  0.],12.6666666667,6.95243657304,1475431105.34
122.0,[ 46.17289104  69.91183615],[ 1.  0.  1.  1.  0.],13.0,6.89973741874,1475431105.9
122.333333333,[ 45.55725249  70.97967833],[ 1.  0.  1.  1.  0.],13.3333333333,6.84774091982,1475431106.0
122.666666667,[ 44.94982246  72.03328262],[ 1.  0.  1.  1.  0.],13.6666666667,6.79643770755,1475431106.34
123.0,[ 44.35049149  73.07283885],[ 1.  0.  1.  1.  0.],14.0,6.74581853812,1475431106.89
123.333333333,[ 43.7591516   74.09853433],[ 1.  0.  1.  1.  0.],14.3333333333,6.69587429095,1475431107.0
123.666666667,[ 43.17569625  75.11055388],[ 1.  0.  1.  1.  0.],14.6666666667,6.64659596707,1475431107.34
124.0,[ 42.6000203   76.10907982],[ 1.  0.  1.  1.  0.],15.0,6.59797468751,1475431107.93
124.333333333,[ 42.03202003  77.09429209],[ 1.  0.  1.  1.  0.],15.3333333333,6.55000169167,1475431108.0
124.666666667,[ 41.4715931  78.0663682],[ 1.  0.  1.  1.  0.],15.6666666667,6.50266833578,1475431108.33
125.0,[ 40.91863852  79.02548329],[ 1.  0.  1.  1.  0.],16.0,6.45596609131,1475431108.94
125.333333333,[ 40.37305667  79.97181018],[ 1.  0.  1.  1.  0.],16.3333333333,6.40988654342,1475431109.0
125.666666667,[ 39.83474925  80.90551938],[ 1.  0.  1.  1.  0.],16.6666666667,6.36442138951,1475431109.34
126.0,[ 38.30361926  80.82677912],[ 0.  0.  0.  1.  1.],17.0,6.31956243765,1475431109.92
126.333333333,[ 38.79290434  80.08242206],[ 1.  0.  1.  0.  1.],0.0,6.19196827181,1475431110.0
126.666666667,[ 39.27566561  79.6813231 ],[ 1.  0.  1.  0.  0.],0.333333333333,6.23274202819,1475431110.33
127.0,[ 39.75199007  79.28557213],[ 1.  0.  1.  0.  0.],0.666666666667,6.27297213448,1475431110.89
127.333333333,[ 40.22196354  78.89509783],[ 1.  0.  1.  0.  0.],1.0,6.31266583935,1475431111.0
127.666666667,[ 40.68567069  78.50982986],[ 1.  0.  1.  0.  0.],1.33333333333,6.35183029483,1475431111.34
128.0,[ 41.14319508  78.1296988 ],[ 1.  0.  1.  0.  0.],1.66666666667,6.39047255757,1475431111.89
128.333333333,[ 41.59461915  77.75463615],[ 1.  0.  1.  0.  0.],2.0,6.42859959013,1475431112.0
128.666666667,[ 42.04002423  77.38457433],[ 1.  0.  1.  0.  0.],2.33333333333,6.46621826226,1475431112.34
129.0,[ 42.47949057  77.01944667],[ 1.  0.  1.  0.  0.],2.66666666667,6.5033353521,1475431112.91
129.333333333,[ 42.91309736  76.65918738],[ 1.  0.  1.  0.  0.],3.0,6.5399575474,1475431113.0
129.666666667,[ 43.34092273  76.30373155],[ 1.  0.  1.  0.  0.],3.33333333333,6.57609144677,1475431113.34
130.0,[ 44.42971043  75.28634846],[ 1.  1.  0.  0.  0.],3.66666666667,6.61174356082,1475431113.89
130.333333333,[ 44.83731429  74.94919715],[ 1.  0.  1.  0.  0.],4.0,6.70247586889,1475431114.0
130.666666667,[ 45.23948343  74.61654119],[ 1.  0.  1.  0.  0.],4.33333333333,6.73644285731,1475431114.34
131.0,[ 45.63629032  74.28832064],[ 1.  0.  1.  0.  0.],4.66666666667,6.76995695254,1475431114.89
131.333333333,[ 46.02780645  73.96447637],[ 1.  0.  1.  0.  0.],5.0,6.80302419318,1475431115.0
131.666666667,[ 46.41410236  73.64495001],[ 1.  0.  1.  0.  0.],5.33333333333,6.83565053727,1475431115.33
132.0,[ 46.79524766  73.32968401],[ 1.  0.  1.  0.  0.],5.66666666667,6.86784186344,1475431115.89
132.333333333,[ 47.17131103  73.01862156],[ 1.  0.  1.  0.  0.],6.0,6.89960397192,1475431116.0
132.666666667,[ 47.54236021  72.71170661],[ 1.  0.  1.  0.  0.],6.33333333333,6.93094258563,1475431116.33
133.0,[ 47.90846208  72.40888385],[ 1.  0.  1.  0.  0.],6.66666666667,6.96186335116,1475431116.93
133.333333333,[ 47.26968258  73.44343207],[ 1.  0.  1.  1.  0.],7.0,6.99237183981,1475431117.0
133.666666667,[ 46.63942015  74.46418631],[ 1.  0.  1.  1.  0.],7.33333333333,6.93914021528,1475431117.34
134.0,[ 46.68422788  74.80466382],[ 1.  1.  0.  1.  0.],7.66666666667,6.88661834574,1475431117.93
134.333333333,[ 46.06177151  75.8072683 ],[ 1.  0.  1.  1.  0.],8.0,6.89035232335,1475431118.0
134.666666667,[ 45.44761456  76.79650473],[ 1.  0.  1.  1.  0.],8.33333333333,6.83848095904,1475431118.34
135.0,[ 44.84164636  77.77255133],[ 1.  0.  1.  1.  0.],8.66666666667,6.78730121292,1475431118.94
135.333333333,[ 44.24375774  78.73558398],[ 1.  0.  1.  1.  0.],9.0,6.73680386342,1475431119.0
135.666666667,[ 43.65384097  79.68577619],[ 1.  0.  1.  1.  0.],9.33333333333,6.6869798119,1475431119.34
136.0,[ 43.07178976  80.62329918],[ 1.  0.  1.  1.  0.],9.66666666667,6.63782008108,1475431119.93
136.333333333,[ 42.49749923  81.54832185],[ 1.  0.  1.  1.  0.],10.0,6.58931581333,1475431120.0
136.666666667,[ 41.59753257  82.12767756],[ 0.  1.  1.  1.  1.],10.3333333333,6.54145826915,1475431120.34
137.0,[ 41.70956547  81.69930853],[ 0.  1.  1.  0.  0.],0.0,6.46646104779,1475431120.94
137.333333333,[ 42.8201046   80.27665108],[ 1.  1.  0.  0.  1.],0.0,6.4757971227,1475431121.0
137.666666667,[ 42.91583654  79.53962907],[ 0.  1.  1.  0.  1.],0.333333333333,6.56834204996,1475431121.34
138.0,[ 43.01029205  79.14576735],[ 0.  1.  1.  0.  0.],0.0,6.57631971151,1475431121.89
138.333333333,[ 43.10348816  78.75715712],[ 0.  1.  1.  0.  0.],0.0,6.58419100425,1475431122.0
138.666666667,[ 43.19544165  78.37372835],[ 0.  1.  1.  0.  0.],0.0,6.59195734641,1475431122.33
139.0,[ 43.28616909  77.99541198],[ 0.  1.  1.  0.  0.],0.0,6.59962013735,1475431122.89
139.333333333,[ 43.37568684  77.62213982],[ 0.  1.  1.  0.  0.],0.0,6.60718075774,1475431123.0
139.666666667,[ 43.46401101  77.25384462],[ 0.  1.  1.  0.  0.],0.0,6.61464056986,1475431123.33
140.0,[ 43.55115753  76.89046002],[ 0.  1.  1.  0.  0.],0.0,6.62200091782,1475431123.91
140.333333333,[ 43.6371421   76.53192056],[ 0.  1.  1.  0.  0.],0.0,6.6292631278,1475431124.0
140.666666667,[ 43.72198021  76.17816162],[ 0.  1.  1.  0.  0.],0.0,6.63642850832,1475431124.34
141.0,[ 43.13902047  75.16245279],[ 0.  0.  0.  0.  0.],0.0,6.64349835043,1475431124.92
141.333333333,[ 43.2305002   74.82695342],[ 0.  1.  1.  0.  0.],0.0,6.59491837243,1475431125.0
141.666666667,[ 43.32076019  74.49592738],[ 0.  1.  1.  0.  0.],0.0,6.60254168302,1475431125.34
142.0,[ 43.40981672  74.16931501],[ 0.  1.  1.  0.  0.],0.0,6.61006334947,1475431125.89
142.333333333,[ 43.49768583  73.84705748],[ 0.  1.  1.  0.  0.],0.0,6.61748472703,1475431126.0
142.666666667,[ 43.58438336  73.52909671],[ 0.  1.  1.  0.  0.],0.0,6.62480715289,1475431126.33
143.0,[ 43.66992491  73.21537542],[ 0.  1.  1.  0.  0.],0.0,6.63203194641,1475431126.91
143.333333333,[ 43.75432591  72.90583708],[ 0.  1.  1.  0.  0.],0.0,6.63916040934,1475431127.0
143.666666667,[ 43.83760157  72.60042592],[ 0.  1.  1.  0.  0.],0.0,6.64619382611,1475431127.34
144.0,[ 43.91976688  72.29908691],[ 0.  1.  1.  0.  0.],0.0,6.65313346398,1475431127.9
144.333333333,[ 44.00083666  72.00176575],[ 0.  1.  1.  0.  0.],0.0,6.65998057335,1475431128.0
144.666666667,[ 44.0808255   71.70840888],[ 0.  1.  1.  0.  0.],0.0,6.66673638793,1475431128.34
145.0,[ 44.15974783  71.41896342],[ 0.  1.  1.  0.  0.],0.0,6.67340212498,1475431128.9
145.333333333,[ 44.23761786  71.13337724],[ 0.  1.  1.  0.  0.],0.0,6.67997898553,1475431129.0
145.666666667,[ 44.31444962  70.85159888],[ 0.  1.  1.  0.  0.],0.0,6.68646815462,1475431129.34
146.0,[ 44.39025696  70.57357756],[ 0.  1.  1.  0.  0.],0.0,6.69287080144,1475431129.89
146.333333333,[ 44.46505353  70.2992632 ],[ 0.  1.  1.  0.  0.],0.0,6.69918807965,1475431130.0
146.666666667,[ 44.53885282  70.02860635],[ 0.  1.  1.  0.  0.],0.0,6.70542112747,1475431130.33
147.0,[ 44.61166811  69.76155827],[ 0.  1.  1.  0.  0.],0.0,6.711571068,1475431130.9
147.333333333,[ 44.68351254  69.49807082],[ 0.  1.  1.  0.  0.],0.0,6.71763900931,1475431131.0
147.666666667,[ 44.75439904  69.23809655],[ 0.  1.  1.  0.  0.],0.0,6.72362604474,1475431131.33
148.0,[ 44.82434038  68.98158859],[ 0.  1.  1.  0.  0.],0.0,6.72953325304,1475431131.9
148.333333333,[ 44.89334918  68.72850075],[ 0.  1.  1.  0.  0.],0.0,6.73536169855,1475431132.0
148.666666667,[ 44.96143786  68.4787874 ],[ 0.  1.  1.  0.  0.],0.0,6.74111243146,1475431132.34
149.0,[ 45.02861868  68.23240357],[ 0.  1.  1.  0.  0.],0.0,6.74678648793,1475431132.9
149.333333333,[ 45.09490377  67.98930486],[ 0.  1.  1.  0.  0.],0.0,6.75238489031,1475431133.0
149.666666667,[ 45.16030505  67.74944746],[ 0.  1.  1.  0.  0.],0.0,6.75790864733,1475431133.33
150.0,[ 45.22483432  67.51278816],[ 0.  1.  1.  0.  0.],0.0,6.76335875425,1475431133.91
150.333333333,[ 45.28850319  67.27928432],[ 0.  1.  1.  0.  0.],0.0,6.76873619309,1475431134.0
150.666666667,[ 45.35132315  67.04889386],[ 0.  1.  1.  0.  0.],0.0,6.77404193273,1475431134.33
151.0,[ 45.41330551  66.82157527],[ 0.  1.  1.  0.  0.],0.0,6.77927692919,1475431134.9
151.333333333,[ 45.47446143  66.5972876 ],[ 0.  1.  1.  0.  0.],0.0,6.78444212569,1475431135.0
151.666666667,[ 45.53480195  66.37599044],[ 0.  1.  1.  0.  0.],0.0,6.7895384529,1475431135.34
152.0,[ 45.59433792  66.1576439 ],[ 0.  1.  1.  0.  0.],0.0,6.79456682908,1475431135.9
152.333333333,[ 45.65308008  65.94220864],[ 0.  1.  1.  0.  0.],0.0,6.79952816025,1475431136.0
152.666666667,[ 45.71103902  65.72964586],[ 0.  1.  1.  0.  0.],0.0,6.80442334034,1475431136.34
153.0,[ 45.76822516  65.51991725],[ 0.  1.  1.  0.  0.],0.0,6.80925325135,1475431136.89
153.333333333,[ 45.82464883  65.31298502],[ 0.  1.  1.  0.  0.],0.0,6.81401876356,1475431137.0
153.666666667,[ 45.88032018  65.10881189],[ 0.  1.  1.  0.  0.],0.0,6.8187207356,1475431137.33
154.0,[ 45.93524924  64.90736106],[ 0.  1.  1.  0.  0.],0.0,6.82336001468,1475431137.91
154.333333333,[ 45.98944592  64.70859625],[ 0.  1.  1.  0.  0.],0.0,6.82793743671,1475431138.0
154.666666667,[ 46.04291997  64.51248163],[ 0.  1.  1.  0.  0.],0.0,6.83245382644,1475431138.34
155.0,[ 46.09568104  64.31898188],[ 0.  1.  1.  0.  0.],0.0,6.83690999764,1475431138.91
155.333333333,[ 46.14773862  64.12806212],[ 0.  1.  1.  0.  0.],0.0,6.84130675323,1475431139.0
155.666666667,[ 46.19910211  63.93968796],[ 0.  1.  1.  0.  0.],0.0,6.84564488541,1475431139.34
156.0,[ 45.58311408  63.08715878],[ 0.  0.  0.  0.  0.],0.0,6.84992517583,1475431139.9
156.333333333,[ 44.97533923  62.24599667],[ 0.  0.  0.  0.  0.],0.0,6.79859284015,1475431140.0
156.666666667,[ 45.0423347   62.08271671],[ 0.  1.  1.  0.  0.],0.0,6.74794493561,1475431140.33
157.0,[ 45.10843691  61.92161382],[ 0.  1.  1.  0.  0.],0.0,6.75352789203,1475431140.9
157.333333333,[ 45.17365775  61.76265897],[ 0.  1.  1.  0.  0.],0.0,6.75903640902,1475431141.0
157.666666667,[ 44.57134231  60.93915685],[ 0.  0.  0.  0.  0.],0.0,6.76447147912,1475431141.33
158.0,[ 44.97705775  60.45996809],[ 1.  0.  1.  0.  1.],0.0,6.71427852607,1475431141.91
158.333333333,[ 45.37736365  60.32050185],[ 1.  0.  1.  0.  0.],0.333333333333,6.74808814572,1475431142.0
158.666666667,[ 45.77233213  60.18289516],[ 1.  0.  1.  0.  0.],0.666666666667,6.78144697044,1475431142.34
159.0,[ 46.16203437  60.04712322],[ 1.  0.  1.  0.  0.],1.0,6.81436101084,1475431142.89
159.333333333,[ 46.54654058  59.91316158],[ 1.  0.  1.  0.  0.],1.33333333333,6.84683619736,1475431143.0
159.666666667,[ 46.92592004  59.78098609],[ 1.  0.  1.  0.  0.],1.66666666667,6.8788783814,1475431143.34
160.0,[ 47.3002411   59.65057295],[ 1.  0.  1.  0.  0.],2.0,6.91049333631,1475431143.9
160.333333333,[ 47.66957122  59.52189864],[ 1.  0.  1.  0.  0.],2.33333333333,6.94168675849,1475431144.0
160.666666667,[ 48.03397694  59.39493999],[ 1.  0.  1.  0.  0.],2.66666666667,6.97246426838,1475431144.33
161.0,[ 48.39352391  59.26967413],[ 1.  0.  1.  0.  0.],3.0,7.00283141147,1475431144.9
161.333333333,[ 48.74827693  59.14607847],[ 1.  0.  1.  0.  0.],3.33333333333,7.03279365932,1475431145.0
161.666666667,[ 49.0982999   59.02413076],[ 1.  0.  1.  0.  0.],3.66666666667,7.06235641052,1475431145.33
162.0,[ 49.4436559   58.90380901],[ 1.  0.  1.  0.  0.],4.0,7.09152499172,1475431145.9
162.333333333,[ 50.45107382  58.11842489],[ 1.  1.  0.  0.  0.],4.33333333333,7.12030465849,1475431146.0
162.666666667,[ 50.77839284  58.01017923],[ 1.  0.  1.  0.  0.],4.66666666667,7.20425615194,1475431146.34
163.0,[ 51.1013476   57.90337684],[ 1.  0.  1.  0.  0.],5.0,7.23153273658,1475431146.89
163.333333333,[ 51.4199963   57.79799848],[ 1.  0.  1.  0.  0.],5.33333333333,7.25844563342,1475431147.0
163.666666667,[ 52.40106302  57.0273585 ],[ 1.  1.  0.  0.  0.],5.66666666667,7.28499969164,1475431147.33
164.0,[ 52.36904884  56.60032705],[ 0.  1.  1.  0.  1.],6.0,7.36675525131,1475431147.89
164.333333333,[ 52.33746152  56.51232269],[ 0.  1.  1.  0.  0.],0.0,7.36408740352,1475431148.0
164.666666667,[ 51.6396287   55.75882506],[ 0.  0.  0.  0.  0.],0.0,7.36145512702,1475431148.34
165.0,[ 51.95110032  55.34870739],[ 1.  0.  1.  0.  1.],0.0,7.303302392,1475431148.89
165.333333333,[ 52.25841898  55.27739129],[ 1.  0.  1.  0.  0.],0.333333333333,7.3292583601,1475431149.0
165.666666667,[ 52.56164006  55.20702607],[ 1.  0.  1.  0.  0.],0.666666666667,7.35486824864,1475431149.34
166.0,[ 52.8608182   55.13759906],[ 1.  0.  1.  0.  0.],1.0,7.38013667199,1475431149.9
166.333333333,[ 53.15600729  55.06909774],[ 1.  0.  1.  0.  0.],1.33333333333,7.40506818303,1475431150.0
166.666666667,[ 53.44726052  55.00150977],[ 1.  0.  1.  0.  0.],1.66666666667,7.42966727392,1475431150.34
167.0,[ 53.73463038  54.93482297],[ 1.  0.  1.  0.  0.],2.0,7.45393837694,1475431150.89
167.333333333,[ 54.01816864  54.86902533],[ 1.  0.  1.  0.  0.],2.33333333333,7.47788586524,1475431151.0
167.666666667,[ 54.2979264  54.804105 ],[ 1.  0.  1.  0.  0.],2.66666666667,7.50151405371,1475431151.34
168.0,[ 54.57395404  54.74005026],[ 1.  0.  1.  0.  0.],3.0,7.52482719966,1475431151.89
168.333333333,[ 54.84630132  54.67684959],[ 1.  0.  1.  0.  0.],3.33333333333,7.54782950366,1475431152.0
168.666666667,[ 55.11501731  54.6144916 ],[ 1.  0.  1.  0.  0.],3.66666666667,7.57052511028,1475431152.33
169.0,[ 55.38015041  54.55296504],[ 1.  0.  1.  0.  0.],4.0,7.59291810881,1475431152.89
169.333333333,[ 55.6417484   54.49225884],[ 1.  0.  1.  0.  0.],4.33333333333,7.61501253402,1475431153.0
169.666666667,[ 55.89985842  54.43236206],[ 1.  0.  1.  0.  0.],4.66666666667,7.6368123669,1475431153.33
170.0,[ 56.15452698  54.3732639 ],[ 1.  0.  1.  0.  0.],5.0,7.65832153535,1475431153.89
170.333333333,[ 57.07246662  53.64828704],[ 1.  1.  0.  0.  0.],5.33333333333,7.67954391487,1475431154.0
170.666666667,[ 57.3115004   53.59964322],[ 1.  0.  1.  0.  0.],5.66666666667,7.7560388849,1475431154.33
171.0,[ 58.21401373  52.88498131],[ 1.  1.  0.  0.  0.],6.0,7.77595836643,1475431154.89
171.333333333,[ 59.10449354  52.17984822],[ 1.  1.  0.  0.  0.],6.33333333333,7.85116781044,1475431155.0
171.666666667,[ 59.31643363  52.15078358],[ 1.  0.  1.  0.  0.],6.66666666667,7.92537446185,1475431155.33
172.0,[ 59.52554785  52.12210647],[ 1.  0.  1.  0.  0.],7.0,7.94303613569,1475431155.89
172.333333333,[ 59.73187388  52.09381171],[ 1.  0.  1.  0.  0.],7.33333333333,7.96046232055,1475431156.0
172.666666667,[ 59.93544889  52.06589422],[ 1.  0.  1.  0.  0.],7.66666666667,7.97765615628,1475431156.33
173.0,[ 59.80297624  52.70501563],[ 1.  1.  0.  1.  0.],8.0,7.99462074086,1475431156.9
173.333333333,[ 59.00560322  54.00228209],[ 1.  0.  1.  1.  0.],8.33333333333,7.98358135321,1475431157.0
173.666666667,[ 58.21886185  55.28225166],[ 1.  0.  1.  1.  0.],8.66666666667,7.91713360183,1475431157.34
174.0,[ 57.44261035  56.54515498],[ 1.  0.  1.  1.  0.],9.0,7.85157182047,1475431157.91
174.333333333,[ 56.67670888  57.79121958],[ 1.  0.  1.  1.  0.],9.33333333333,7.7868841962,1475431158.0
174.666666667,[ 55.92101943  59.02066998],[ 1.  0.  1.  1.  0.],9.66666666667,7.72305907358,1475431158.34
175.0,[ 55.17540584  60.23372772],[ 1.  0.  1.  1.  0.],10.0,7.6600849526,1475431158.89
175.333333333,[ 54.43973376  61.43061135],[ 1.  0.  1.  1.  0.],10.3333333333,7.59795048657,1475431159.0
175.666666667,[ 53.71387064  62.61153653],[ 1.  0.  1.  1.  0.],10.6666666667,7.53664448008,1475431159.33
176.0,[ 52.9976857   63.77671604],[ 1.  0.  1.  1.  0.],11.0,7.47615588701,1475431159.9
176.333333333,[ 52.29104989  64.92635983],[ 1.  0.  1.  1.  0.],11.3333333333,7.41647380852,1475431160.0
176.666666667,[ 51.59383589  66.06067503],[ 1.  0.  1.  1.  0.],11.6666666667,7.35758749107,1475431160.33
177.0,[ 50.90591808  67.17986603],[ 1.  0.  1.  1.  0.],12.0,7.29948632452,1475431160.89
177.333333333,[ 50.22717251  68.28413448],[ 1.  0.  1.  1.  0.],12.3333333333,7.2421598402,1475431161.0
177.666666667,[ 49.55747687  69.37367936],[ 1.  0.  1.  1.  0.],12.6666666667,7.18559770899,1475431161.34
178.0,[ 48.89671052  70.44869696],[ 1.  0.  1.  1.  0.],13.0,7.12978973954,1475431161.89
178.333333333,[ 48.24475438  71.509381  ],[ 1.  0.  1.  1.  0.],13.3333333333,7.07472587635,1475431162.0
178.666666667,[ 47.60149098  72.55592259],[ 1.  0.  1.  1.  0.],13.6666666667,7.020396198,1475431162.33
179.0,[ 46.96680444  73.58851029],[ 1.  0.  1.  1.  0.],14.0,6.96679091536,1475431162.89
179.333333333,[ 46.34058038  74.60733015],[ 1.  0.  1.  1.  0.],14.3333333333,6.91390036982,1475431163.0
179.666666667,[ 45.72270597  75.61256575],[ 1.  0.  1.  1.  0.],14.6666666667,6.86171503155,1475431163.33
