./simulation results/2016-10-2_18-50-33.txt

Comfortable Program

simTime, model.x, model.u, model.d, model.z, systemTime

0.0,[ 1.  1.],[ 1.  0.  1.  0.  1.],0.0,3.0,1475452234.01
0.333333333333,[ 1.98666667  1.65333333],[ 1.  0.  1.  0.  0.],0.333333333333,3.08333333333,1475452234.07
0.666666666667,[ 2.96017778  2.29795556],[ 1.  0.  1.  0.  0.],0.666666666667,3.16555555556,1475452234.4
1.0,[ 3.92070874  2.93398281],[ 1.  0.  1.  0.  0.],1.0,3.24668148148,1475452234.95
1.33333333333,[ 4.86843262  3.56152971],[ 1.  0.  1.  0.  0.],1.33333333333,3.3267257284,1475452235.07
1.66666666667,[ 5.80352019  4.18070931],[ 1.  0.  1.  0.  0.],1.66666666667,3.40570271868,1475452235.4
2.0,[ 7.39280659  4.12496652],[ 1.  1.  0.  0.  0.],2.0,3.48362668243,1475452235.94
2.33333333333,[ 8.9609025   4.06996697],[ 1.  1.  0.  0.  0.],2.33333333333,3.61606721556,1475452236.07
2.66666666667,[ 10.50809047   4.01570074],[ 1.  1.  0.  0.  0.],2.66666666667,3.74674187491,1475452236.4
3.0,[ 11.36798259   4.62882473],[ 1.  0.  1.  0.  0.],3.0,3.87567420546,1475452236.95
3.33333333333,[ 12.21640949   5.23377374],[ 1.  0.  1.  0.  0.],3.33333333333,3.94733188272,1475452237.07
3.66666666667,[ 13.05352403   5.83065675],[ 1.  0.  1.  0.  0.],3.66666666667,4.01803412429,1475452237.4
4.0,[ 14.54614371   5.75291466],[ 1.  1.  0.  0.  0.],4.0,4.0877936693,1475452237.95
4.33333333333,[ 14.01886179   8.00954247],[ 0.  1.  1.  1.  1.],4.33333333333,4.21217864259,1475452238.07
4.66666666667,[ 15.4986103   8.2360819],[ 1.  1.  0.  0.  1.],0.0,4.16823848292,1475452238.4
5.0,[ 16.29196217   8.79293414],[ 1.  0.  1.  0.  0.],0.333333333333,4.2915508587,1475452238.94
5.33333333333,[ 17.074736     9.34236169],[ 1.  0.  1.  0.  0.],0.666666666667,4.35766351392,1475452239.07
5.66666666667,[ 17.84707286   9.88446353],[ 1.  0.  1.  0.  0.],1.0,4.42289466706,1475452239.4
6.0,[ 18.60911189  10.41933735],[ 1.  0.  1.  0.  0.],1.33333333333,4.4872560715,1475452239.94
6.33333333333,[ 19.36099039  10.94707952],[ 1.  0.  1.  0.  0.],1.66666666667,4.55075932388,1475452240.07
6.66666666667,[ 20.10284386  11.46778513],[ 1.  0.  1.  0.  0.],2.0,4.61341586623,1475452240.4
7.0,[ 20.83480594  11.98154799],[ 1.  0.  1.  0.  0.],2.33333333333,4.67523698801,1475452240.94
7.33333333333,[ 21.55700853  12.48846069],[ 1.  0.  1.  0.  0.],2.66666666667,4.73623382817,1475452241.07
7.66666666667,[ 22.26958175  12.98861454],[ 1.  0.  1.  0.  0.],3.0,4.79641737713,1475452241.4
8.0,[ 22.97265399  13.48209968],[ 1.  0.  1.  0.  0.],3.33333333333,4.85579847877,1475452241.96
8.33333333333,[ 23.66635194  13.96900502],[ 1.  0.  1.  0.  0.],3.66666666667,4.91438783239,1475452242.07
8.66666666667,[ 24.35080058  14.44941829],[ 1.  0.  1.  0.  0.],4.0,4.97219599462,1475452242.4
9.0,[ 25.02612324  14.92342604],[ 1.  0.  1.  0.  0.],4.33333333333,5.02923338136,1475452242.95
9.33333333333,[ 25.69244159  15.3911137 ],[ 1.  0.  1.  0.  0.],4.66666666667,5.08551026961,1475452243.07
9.66666666667,[ 26.3498757   15.85256551],[ 1.  0.  1.  0.  0.],5.0,5.14103679935,1475452243.4
10.0,[ 24.99854403  17.30786464],[ 0.  0.  0.  1.  1.],5.33333333333,5.19582297536,1475452243.96
10.3333333333,[ 25.66523011  18.07709311],[ 1.  0.  1.  0.  1.],0.0,5.08321200235,1475452244.07
10.6666666667,[ 26.32302704  18.50273187],[ 1.  0.  1.  0.  0.],0.333333333333,5.13876917565,1475452244.4
11.0,[ 26.97205335  18.92269544],[ 1.  0.  1.  0.  0.],0.666666666667,5.19358558664,1475452244.94
11.3333333333,[ 27.61242597  19.33705951],[ 1.  0.  1.  0.  0.],1.0,5.24767111216,1475452245.07
11.6666666667,[ 28.24426029  19.74589871],[ 1.  0.  1.  0.  0.],1.33333333333,5.30103549733,1475452245.4
12.0,[ 28.86767015  20.14928673],[ 1.  0.  1.  0.  0.],1.66666666667,5.35368835736,1475452245.94
12.3333333333,[ 29.48276788  20.54729624],[ 1.  0.  1.  0.  0.],2.0,5.40563917926,1475452246.07
12.6666666667,[ 30.08966431  20.93999896],[ 1.  0.  1.  0.  0.],2.33333333333,5.45689732354,1475452246.4
13.0,[ 30.68846879  21.32746564],[ 1.  0.  1.  0.  0.],2.66666666667,5.50747202589,1475452246.94
13.3333333333,[ 31.2792892   21.70976609],[ 1.  0.  1.  0.  0.],3.0,5.55737239888,1475452247.07
13.6666666667,[ 31.86223201  22.08696921],[ 1.  0.  1.  0.  0.],3.33333333333,5.60660743356,1475452247.4
14.0,[ 32.43740225  22.45914296],[ 1.  0.  1.  0.  0.],3.66666666667,5.65518600112,1475452247.94
14.3333333333,[ 33.00490356  22.82635438],[ 1.  0.  1.  0.  0.],4.0,5.70311685443,1475452248.07
14.6666666667,[ 33.56483818  23.18866966],[ 1.  0.  1.  0.  0.],4.33333333333,5.75040862971,1475452248.4
15.0,[ 34.117307    23.54615406],[ 1.  0.  1.  0.  0.],4.66666666667,5.79706984798,1475452248.95
15.3333333333,[ 34.66240957  23.89887201],[ 1.  0.  1.  0.  0.],5.0,5.84310891667,1475452249.07
15.6666666667,[ 35.20024411  24.24688705],[ 1.  0.  1.  0.  0.],5.33333333333,5.88853413112,1475452249.4
16.0,[ 34.73090752  24.25692856],[ 0.  0.  0.  0.  1.],5.66666666667,5.93335367604,1475452249.95
16.3333333333,[ 35.26782876  24.93350284],[ 1.  0.  1.  0.  1.],0.0,5.89424229369,1475452250.07
16.6666666667,[ 35.79759104  25.2677228 ],[ 1.  0.  1.  0.  0.],0.333333333333,5.93898572977,1475452250.4
17.0,[ 36.32028983  25.5974865 ],[ 1.  0.  1.  0.  0.],0.666666666667,5.98313258671,1475452250.96
17.3333333333,[ 36.8360193   25.92285335],[ 1.  0.  1.  0.  0.],1.0,6.02669081889,1475452251.07
17.6666666667,[ 37.34487237  26.24388197],[ 1.  0.  1.  0.  0.],1.33333333333,6.06966827463,1475452251.4
18.0,[ 37.84694074  26.56063021],[ 1.  0.  1.  0.  0.],1.66666666667,6.11207269764,1475452251.97
18.3333333333,[ 38.34231486  26.87315514],[ 1.  0.  1.  0.  0.],2.0,6.15391172834,1475452252.07
18.6666666667,[ 38.831084    27.18151307],[ 1.  0.  1.  0.  0.],2.33333333333,6.19519290529,1475452252.4
19.0,[ 39.31333621  27.48575956],[ 1.  0.  1.  0.  0.],2.66666666667,6.23592366656,1475452252.95
19.3333333333,[ 39.7891584   27.78594944],[ 1.  0.  1.  0.  0.],3.0,6.276111351,1475452253.07
19.6666666667,[ 40.25863628  28.08213678],[ 1.  0.  1.  0.  0.],3.33333333333,6.31576319965,1475452253.4
20.0,[ 40.72185447  28.37437495],[ 1.  0.  1.  0.  0.],3.66666666667,6.35488635699,1475452253.95
20.3333333333,[ 41.17889641  28.66271662],[ 1.  0.  1.  0.  0.],4.0,6.39348787223,1475452254.07
20.6666666667,[ 41.62984446  28.94721373],[ 1.  0.  1.  0.  0.],4.33333333333,6.4315747006,1475452254.4
21.0,[ 42.07477986  29.22791755],[ 1.  0.  1.  0.  0.],4.66666666667,6.46915370459,1475452254.94
21.3333333333,[ 42.5137828   29.50487865],[ 1.  0.  1.  0.  0.],5.0,6.5062316552,1475452255.07
21.6666666667,[ 42.94693236  29.77814693],[ 1.  0.  1.  0.  0.],5.33333333333,6.54281523313,1475452255.4
22.0,[ 43.3743066   30.04777164],[ 1.  0.  1.  0.  0.],5.66666666667,6.57891103002,1475452255.96
22.3333333333,[ 43.79598251  30.31380135],[ 1.  0.  1.  0.  0.],6.0,6.61452554962,1475452256.07
22.6666666667,[ 44.21203607  30.576284  ],[ 1.  0.  1.  0.  0.],6.33333333333,6.64966520896,1475452256.41
23.0,[ 43.62254226  30.50193355],[ 0.  0.  0.  0.  1.],6.66666666667,6.68433633951,1475452256.97
23.3333333333,[ 44.04090836  31.0952411 ],[ 1.  0.  1.  0.  1.],0.0,6.63521185498,1475452257.07
23.6666666667,[ 44.45369625  31.34730455],[ 1.  0.  1.  0.  0.],0.333333333333,6.67007569691,1475452257.4
24.0,[ 44.8609803   31.59600716],[ 1.  0.  1.  0.  0.],0.666666666667,6.70447468762,1475452257.96
24.3333333333,[ 45.2628339   31.84139373],[ 1.  0.  1.  0.  0.],1.0,6.73841502512,1475452258.07
24.6666666667,[ 45.65932945  32.08350848],[ 1.  0.  1.  0.  0.],1.33333333333,6.77190282479,1475452258.4
25.0,[ 46.05053839  32.32239503],[ 1.  0.  1.  0.  0.],1.66666666667,6.80494412046,1475452258.94
25.3333333333,[ 46.43653121  32.55809643],[ 1.  0.  1.  0.  0.],2.0,6.83754486552,1475452259.07
25.6666666667,[ 46.81737746  32.79065515],[ 1.  0.  1.  0.  0.],2.33333333333,6.86971093398,1475452259.41
26.0,[ 47.19314576  33.02011308],[ 1.  0.  1.  0.  0.],2.66666666667,6.90144812152,1475452259.95
26.3333333333,[ 47.56390382  33.24651157],[ 1.  0.  1.  0.  0.],3.0,6.93276214657,1475452260.07
26.6666666667,[ 47.92971843  33.46989142],[ 1.  0.  1.  0.  0.],3.33333333333,6.96365865128,1475452260.4
27.0,[ 48.29065552  33.69029286],[ 1.  0.  1.  0.  0.],3.66666666667,6.9941432026,1475452260.94
27.3333333333,[ 48.64678011  33.90775563],[ 1.  0.  1.  0.  0.],4.0,7.02422129323,1475452261.07
27.6666666667,[ 48.99815638  34.12231888],[ 1.  0.  1.  0.  0.],4.33333333333,7.05389834265,1475452261.4
28.0,[ 49.34484763  34.3340213 ],[ 1.  0.  1.  0.  0.],4.66666666667,7.08317969808,1475452261.94
28.3333333333,[ 49.68691632  34.54290101],[ 1.  0.  1.  0.  0.],5.0,7.11207063544,1475452262.07
28.6666666667,[ 50.02442411  34.74899567],[ 1.  0.  1.  0.  0.],5.33333333333,7.1405763603,1475452262.4
29.0,[ 50.35743178  34.95234239],[ 1.  0.  1.  0.  0.],5.66666666667,7.16870200883,1475452262.99
29.3333333333,[ 50.68599936  35.15297783],[ 1.  0.  1.  0.  0.],6.0,7.19645264872,1475452263.07
29.6666666667,[ 51.01018604  35.35093812],[ 1.  0.  1.  0.  0.],6.33333333333,7.22383328007,1475452263.4
30.0,[ 50.33005022  35.21292561],[ 0.  0.  0.  0.  1.],6.66666666667,7.25084883633,1475452263.95
30.3333333333,[ 50.65898289  35.74341994],[ 1.  0.  1.  0.  1.],0.0,7.19417085185,1475452264.07
30.6666666667,[ 50.98352978  35.93350767],[ 1.  0.  1.  0.  0.],0.333333333333,7.22158190716,1475452264.4
31.0,[ 51.30374938  36.1210609 ],[ 1.  0.  1.  0.  0.],0.666666666667,7.24862748173,1475452264.94
31.3333333333,[ 51.61969939  36.30611343],[ 1.  0.  1.  0.  0.],1.0,7.27531244864,1475452265.07
31.6666666667,[ 51.93143673  36.48869858],[ 1.  0.  1.  0.  0.],1.33333333333,7.30164161599,1475452265.4
32.0,[ 52.23901758  36.66884927],[ 1.  0.  1.  0.  0.],1.66666666667,7.32761972778,1475452265.97
32.3333333333,[ 52.54249734  36.84659794],[ 1.  0.  1.  0.  0.],2.0,7.35325146474,1475452266.07
32.6666666667,[ 52.84193071  37.02197664],[ 1.  0.  1.  0.  0.],2.33333333333,7.37854144521,1475452266.4
33.0,[ 53.13737164  37.19501695],[ 1.  0.  1.  0.  0.],2.66666666667,7.40349422594,1475452266.96
33.3333333333,[ 53.42887335  37.36575006],[ 1.  0.  1.  0.  0.],3.0,7.42811430293,1475452267.07
33.6666666667,[ 53.71648837  37.53420672],[ 1.  0.  1.  0.  0.],3.33333333333,7.45240611222,1475452267.41
34.0,[ 54.00026852  37.7004173 ],[ 1.  0.  1.  0.  0.],3.66666666667,7.47637403073,1475452267.96
34.3333333333,[ 54.28026494  37.86441173],[ 1.  0.  1.  0.  0.],4.0,7.50002237698,1475452268.07
34.6666666667,[ 54.55652808  38.02621958],[ 1.  0.  1.  0.  0.],4.33333333333,7.52335541196,1475452268.4
35.0,[ 54.8291077   38.18586998],[ 1.  0.  1.  0.  0.],4.66666666667,7.5463773398,1475452269.01
35.3333333333,[ 55.09805293  38.34339172],[ 1.  0.  1.  0.  0.],5.0,7.5690923086,1475452269.07
35.6666666667,[ 55.36341223  38.49881316],[ 1.  0.  1.  0.  0.],5.33333333333,7.59150441115,1475452269.4
36.0,[ 55.6252334   38.65216232],[ 1.  0.  1.  0.  0.],5.66666666667,7.61361768567,1475452270.01
36.3333333333,[ 55.88356362  38.80346682],[ 1.  0.  1.  0.  0.],6.0,7.63543611653,1475452270.07
36.6666666667,[ 56.13844944  38.95275393],[ 1.  0.  1.  0.  0.],6.33333333333,7.65696363497,1475452270.4
37.0,[ 55.38993678  38.76671721],[ 0.  0.  0.  0.  1.],6.66666666667,7.67820411984,1475452270.99
37.3333333333,[ 54.65140429  38.24982765],[ 0.  0.  0.  0.  0.],0.0,7.61582806491,1475452271.07
37.6666666667,[ 53.9227189   37.73982995],[ 0.  0.  0.  0.  0.],0.0,7.55428369071,1475452271.4
38.0,[ 54.20374931  38.23663221],[ 1.  0.  1.  0.  1.],0.0,7.49355990817,1475452271.96
38.3333333333,[ 54.48103266  38.39347712],[ 1.  0.  1.  0.  0.],0.333333333333,7.51697910939,1475452272.07
38.6666666667,[ 54.75461889  38.54823076],[ 1.  0.  1.  0.  0.],0.666666666667,7.5400860546,1475452272.4
39.0,[ 55.69122397  38.03425435],[ 1.  1.  0.  0.  0.],1.0,7.56288490721,1475452272.94
39.3333333333,[ 56.61534098  37.52713095],[ 1.  1.  0.  0.  0.],1.33333333333,7.64093533066,1475452273.07
39.6666666667,[ 57.52713644  37.02676921],[ 1.  1.  0.  0.  0.],1.66666666667,7.71794508181,1475452273.4
40.0,[ 58.42677462  36.53307895],[ 1.  1.  0.  0.  0.],2.0,7.79392803628,1475452273.95
40.3333333333,[ 59.31441762  36.04597123],[ 1.  1.  0.  0.  0.],2.33333333333,7.86889788468,1475452274.07
40.6666666667,[ 60.19022539  35.56535828],[ 1.  1.  0.  0.  0.],2.66666666667,7.94286813511,1475452274.4
41.0,[ 61.05435571  35.09115351],[ 1.  1.  0.  0.  0.],3.0,8.01585211553,1475452274.95
41.3333333333,[ 61.9069643   34.62327146],[ 1.  1.  0.  0.  0.],3.33333333333,8.08786297621,1475452275.07
41.6666666667,[ 62.74820478  34.16162784],[ 1.  1.  0.  0.  0.],3.66666666667,8.15891369208,1475452275.4
42.0,[ 62.91156205  34.37280614],[ 1.  0.  1.  0.  0.],4.0,8.22901706508,1475452275.95
42.3333333333,[ 63.07274122  34.58116872],[ 1.  0.  1.  0.  0.],4.33333333333,8.24263017088,1475452276.07
42.6666666667,[ 63.23177134  34.78675314],[ 1.  0.  1.  0.  0.],4.66666666667,8.2560617686,1475452276.4
43.0,[ 62.38868106  34.6562631 ],[ 0.  0.  0.  0.  1.],5.0,8.26931427835,1475452276.96
43.3333333333,[ 61.55683197  34.19417959],[ 0.  0.  0.  0.  0.],0.0,8.19905675464,1475452277.07
43.6666666667,[ 60.73607422  33.73825719],[ 0.  0.  0.  0.  0.],0.0,8.12973599791,1475452277.4
44.0,[ 59.92625989  33.28841376],[ 0.  0.  0.  0.  0.],0.0,8.06133951794,1475452277.98
44.3333333333,[ 59.12724309  32.84456825],[ 0.  0.  0.  0.  0.],0.0,7.99385499103,1475452278.07
44.6666666667,[ 58.33887985  32.40664067],[ 0.  0.  0.  0.  0.],0.0,7.92727025782,1475452278.4
45.0,[ 58.56102812  32.97455213],[ 1.  0.  1.  0.  1.],0.0,7.86157332105,1475452279.01
45.3333333333,[ 58.78021441  33.2015581 ],[ 1.  0.  1.  0.  0.],0.333333333333,7.88008567677,1475452279.07
45.6666666667,[ 58.99647822  33.42553733],[ 1.  0.  1.  0.  0.],0.666666666667,7.89835120108,1475452279.4
46.0,[ 59.20985851  33.64653016],[ 1.  0.  1.  0.  0.],1.0,7.91637318506,1475452279.99
46.3333333333,[ 59.42039373  33.86457643],[ 1.  0.  1.  0.  0.],1.33333333333,7.93415487593,1475452280.07
46.6666666667,[ 59.62812181  34.07971541],[ 1.  0.  1.  0.  0.],1.66666666667,7.95169947758,1475452280.4
47.0,[ 58.83308019  33.95865253],[ 0.  0.  0.  0.  1.],2.0,7.96901015121,1475452280.98
47.3333333333,[ 58.04863912  33.5058705 ],[ 0.  0.  0.  0.  0.],0.0,7.90275668253,1475452281.07
47.6666666667,[ 57.27465727  33.05912556],[ 0.  0.  0.  0.  0.],0.0,7.83738659343,1475452281.4
48.0,[ 57.51099517  33.61833722],[ 1.  0.  1.  0.  1.],0.0,7.77288810552,1475452282.0
48.3333333333,[ 57.7441819   33.83675939],[ 1.  0.  1.  0.  0.],0.333333333333,7.79258293078,1475452282.07
48.6666666667,[ 57.97425948  34.05226926],[ 1.  0.  1.  0.  0.],0.666666666667,7.81201515837,1475452282.4
49.0,[ 58.20126935  34.26490567],[ 1.  0.  1.  0.  0.],1.0,7.83118828959,1475452283.0
49.3333333333,[ 58.42525242  34.47470693],[ 1.  0.  1.  0.  0.],1.33333333333,7.85010577906,1475452283.07
49.6666666667,[ 58.64624906  34.68171084],[ 1.  0.  1.  0.  0.],1.66666666667,7.86877103534,1475452283.4
50.0,[ 58.86429907  34.8859547 ],[ 1.  0.  1.  0.  0.],2.0,7.88718742154,1475452284.0
50.3333333333,[ 59.07944175  35.0874753 ],[ 1.  0.  1.  0.  0.],2.33333333333,7.90535825592,1475452284.07
50.6666666667,[ 59.29171586  35.28630896],[ 1.  0.  1.  0.  0.],2.66666666667,7.9232868125,1475452284.4
51.0,[ 59.16782632  35.81582484],[ 0.  1.  1.  0.  1.],3.0,7.94097632167,1475452285.0
51.3333333333,[ 59.04558863  36.00494718],[ 0.  1.  1.  0.  0.],0.0,7.93065219294,1475452285.07
51.6666666667,[ 58.92498078  36.19154788],[ 0.  1.  1.  0.  0.],0.0,7.92046571925,1475452285.4
52.0,[ 59.80598104  36.04232724],[ 1.  1.  0.  0.  1.],0.0,7.91041506522,1475452285.94
52.3333333333,[ 60.67523463  35.56176288],[ 1.  1.  0.  0.  0.],0.333333333333,7.98383175324,1475452286.07
52.6666666667,[ 61.53289816  35.08760604],[ 1.  1.  0.  0.  0.],0.666666666667,8.05626955208,1475452286.4
53.0,[ 62.37912619  34.61977129],[ 1.  1.  0.  0.  0.],1.0,8.12774151361,1475452286.94
53.3333333333,[ 63.21407117  34.15817434],[ 1.  1.  0.  0.  0.],1.33333333333,8.19826051565,1475452287.07
53.6666666667,[ 64.03788356  33.70273202],[ 1.  1.  0.  0.  0.],1.66666666667,8.26783926433,1475452287.4
54.0,[ 64.85071178  33.25336226],[ 1.  1.  0.  0.  0.],2.0,8.33649029636,1475452287.94
54.3333333333,[ 65.65270229  32.8099841 ],[ 1.  1.  0.  0.  0.],2.33333333333,8.4042259813,1475452288.07
54.6666666667,[ 66.44399959  32.37251764],[ 1.  1.  0.  0.  0.],2.66666666667,8.47105852377,1475452288.4
55.0,[ 67.22474626  31.94088407],[ 1.  1.  0.  0.  0.],3.0,8.53699996568,1475452288.94
55.3333333333,[ 67.99508298  31.51500562],[ 1.  1.  0.  0.  0.],3.33333333333,8.60206218836,1475452289.07
55.6666666667,[ 68.75514854  31.09480554],[ 1.  1.  0.  0.  0.],3.66666666667,8.66625691474,1475452289.4
56.0,[ 69.50507989  30.68020814],[ 1.  1.  0.  0.  0.],4.0,8.72959571143,1475452289.94
56.3333333333,[ 70.24501216  30.27113869],[ 1.  1.  0.  0.  0.],4.33333333333,8.79208999083,1475452290.07
56.6666666667,[ 70.97507866  29.86752351],[ 1.  1.  0.  0.  0.],4.66666666667,8.85375101318,1475452290.4
57.0,[ 71.69541095  29.46928987],[ 1.  1.  0.  0.  0.],5.0,8.91458988856,1475452290.94
57.3333333333,[ 72.4061388  29.076366 ],[ 1.  1.  0.  0.  0.],5.33333333333,8.97461757893,1475452291.07
57.6666666667,[ 73.10739028  28.68868112],[ 1.  1.  0.  0.  0.],5.66666666667,9.0338449001,1475452291.4
58.0,[ 73.79929175  28.30616537],[ 1.  1.  0.  0.  0.],6.0,9.09228252365,1475452291.94
58.3333333333,[ 74.48196786  27.92874983],[ 1.  1.  0.  0.  0.],6.33333333333,9.14994097889,1475452292.07
58.6666666667,[ 75.15554162  27.5563665 ],[ 1.  1.  0.  0.  0.],6.66666666667,9.20683065473,1475452292.4
59.0,[ 75.15346773  27.85561495],[ 1.  0.  1.  0.  0.],7.0,9.26296180156,1475452292.95
59.3333333333,[ 75.15142149  28.15087342],[ 1.  0.  1.  0.  0.],7.33333333333,9.26278897754,1475452293.07
59.6666666667,[ 75.14940254  28.4421951 ],[ 1.  0.  1.  0.  0.],7.66666666667,9.26261845784,1475452293.4
60.0,[ 74.14741051  28.39629917],[ 0.  0.  0.  0.  1.],8.0,9.26245021173,1475452293.93
60.3333333333,[ 73.15877837  28.01768185],[ 0.  0.  0.  0.  0.],0.0,9.17895087558,1475452294.07
60.6666666667,[ 72.84999466  28.31077942],[ 0.  1.  1.  0.  0.],0.0,9.0965648639,1475452294.4
61.0,[ 73.54532806  28.2666357 ],[ 1.  1.  0.  0.  1.],0.0,9.07083288794,1475452294.93
61.3333333333,[ 74.23139035  27.88974722],[ 1.  1.  0.  0.  0.],0.333333333333,9.12877733832,1475452295.07
61.6666666667,[ 74.90830515  27.51788392],[ 1.  1.  0.  0.  0.],0.666666666667,9.18594919603,1475452295.41
62.0,[ 75.57619441  27.15097881],[ 1.  1.  0.  0.  0.],1.0,9.24235876231,1475452295.94
62.3333333333,[ 76.23517849  26.78896576],[ 1.  1.  0.  0.  0.],1.33333333333,9.29801620103,1475452296.07
62.6666666667,[ 76.88537611  26.43177955],[ 1.  1.  0.  0.  0.],1.66666666667,9.35293154057,1475452296.4
63.0,[ 77.52690443  26.07935582],[ 1.  1.  0.  0.  0.],2.0,9.40711467559,1475452296.95
63.3333333333,[ 78.15987903  25.73163107],[ 1.  1.  0.  0.  0.],2.33333333333,9.4605753688,1475452297.07
63.6666666667,[ 78.78441398  25.38854266],[ 1.  1.  0.  0.  0.],2.66666666667,9.51332325277,1475452297.4
64.0,[ 78.73395513  25.71669542],[ 1.  0.  1.  0.  0.],3.0,9.56536783163,1475452297.93
64.3333333333,[ 78.68416906  26.04047282],[ 1.  0.  1.  0.  0.],3.33333333333,9.5611629272,1475452298.07
64.6666666667,[ 78.6350468   26.35993318],[ 1.  0.  1.  0.  0.],3.66666666667,9.55701408818,1475452298.4
65.0,[ 77.58657951  26.34180074],[ 0.  0.  0.  0.  1.],4.0,9.552920567,1475452298.94
65.3333333333,[ 76.55209179  25.99057673],[ 0.  0.  0.  0.  0.],0.0,9.46554829277,1475452299.07
65.6666666667,[ 75.53139723  25.64403571],[ 0.  0.  0.  0.  0.],0.0,9.3793409822,1475452299.4
66.0,[ 74.52431193  25.30211523],[ 0.  0.  0.  0.  0.],0.0,9.29428310244,1475452299.94
66.3333333333,[ 73.53065444  24.96475369],[ 0.  0.  0.  0.  0.],0.0,9.21035932774,1475452300.07
66.6666666667,[ 72.55024571  24.63189031],[ 0.  0.  0.  0.  0.],0.0,9.1275545367,1475452300.4
67.0,[ 72.24957577  24.97013177],[ 0.  1.  1.  0.  0.],0.0,9.04585380955,1475452300.95
67.3333333333,[ 71.95291476  25.30386335],[ 0.  1.  1.  0.  0.],0.0,9.02079798098,1475452301.07
67.6666666667,[ 71.66020923  25.63314517],[ 0.  1.  1.  0.  0.],0.0,8.99607623012,1475452301.41
68.0,[ 72.37140644  25.62470324],[ 1.  1.  0.  0.  1.],0.0,8.97168410261,1475452301.93
68.3333333333,[ 73.07312102  25.28304053],[ 1.  1.  0.  0.  0.],0.333333333333,9.03095053679,1475452302.07
68.6666666667,[ 73.76547941  24.94593332],[ 1.  1.  0.  0.  0.],0.666666666667,9.08942675186,1475452302.4
69.0,[ 74.44860635  24.61332087],[ 1.  1.  0.  0.  0.],1.0,9.14712328406,1475452302.93
69.3333333333,[ 75.12262493  24.28514326],[ 1.  1.  0.  0.  0.],1.33333333333,9.20405052916,1475452303.07
69.6666666667,[ 75.7876566   23.96134135],[ 1.  1.  0.  0.  0.],1.66666666667,9.26021874432,1475452303.4
70.0,[ 76.44382118  23.6418568 ],[ 1.  1.  0.  0.  0.],2.0,9.31563804996,1475452303.94
70.3333333333,[ 77.0912369   23.32663204],[ 1.  1.  0.  0.  0.],2.33333333333,9.37031843151,1475452304.07
70.6666666667,[ 77.7300204   23.01561028],[ 1.  1.  0.  0.  0.],2.66666666667,9.42426974131,1475452304.4
71.0,[ 78.3602868   22.70873548],[ 1.  1.  0.  0.  0.],3.0,9.47750170032,1475452304.95
71.3333333333,[ 78.98214964  22.40595234],[ 1.  1.  0.  0.  0.],3.33333333333,9.53002389987,1475452305.07
71.6666666667,[ 79.59572098  22.10720631],[ 1.  1.  0.  0.  0.],3.66666666667,9.58184580343,1475452305.4
72.0,[ 80.20111137  21.81244356],[ 1.  1.  0.  0.  0.],4.0,9.63297674827,1475452305.94
72.3333333333,[ 80.13176321  22.18827764],[ 1.  0.  1.  0.  0.],4.33333333333,9.68342594718,1475452306.07
72.6666666667,[ 80.06333971  22.55910061],[ 1.  0.  1.  0.  0.],4.66666666667,9.67764693455,1475452306.4
73.0,[ 78.99582851  22.59164593],[ 0.  0.  0.  0.  1.],5.0,9.67194497543,1475452306.94
73.3333333333,[ 77.9425508   22.29042399],[ 0.  0.  0.  0.  0.],0.0,9.58298570909,1475452307.07
73.6666666667,[ 76.90331678  21.99321833],[ 0.  0.  0.  0.  0.],0.0,9.4952125663,1475452307.4
74.0,[ 75.87793923  21.69997542],[ 0.  0.  0.  0.  0.],0.0,9.40860973208,1475452307.93
74.3333333333,[ 74.86623337  21.41064242],[ 0.  0.  0.  0.  0.],0.0,9.32316160232,1475452308.07
74.6666666667,[ 74.53468359  21.79183385],[ 0.  1.  1.  0.  0.],0.0,9.23885278096,1475452308.41
75.0,[ 75.20755448  21.8346094 ],[ 1.  1.  0.  0.  1.],0.0,9.21122363277,1475452308.94
75.3333333333,[ 75.87145375  21.54348128],[ 1.  1.  0.  0.  0.],0.333333333333,9.26729620655,1475452309.07
75.6666666667,[ 76.52650104  21.25623486],[ 1.  1.  0.  0.  0.],0.666666666667,9.32262114602,1475452309.4
76.0,[ 77.17281436  20.97281839],[ 1.  1.  0.  0.  0.],1.0,9.37720841963,1475452309.95
76.3333333333,[ 77.81051016  20.69318082],[ 1.  1.  0.  0.  0.],1.33333333333,9.43106786292,1475452310.07
76.6666666667,[ 78.43970336  20.41727174],[ 1.  1.  0.  0.  0.],1.66666666667,9.4842091803,1475452310.4
77.0,[ 79.06050732  20.14504145],[ 1.  1.  0.  0.  0.],2.0,9.53664194679,1475452310.94
77.3333333333,[ 79.67303389  19.8764409 ],[ 1.  1.  0.  0.  0.],2.33333333333,9.58837560972,1475452311.07
77.6666666667,[ 80.27739343  19.61142168],[ 1.  1.  0.  0.  0.],2.66666666667,9.63941949048,1475452311.4
78.0,[ 80.20702819  20.01660273],[ 1.  0.  1.  0.  0.],3.0,9.68978278616,1475452311.94
78.3333333333,[ 80.13760115  20.41638136],[ 1.  0.  1.  0.  0.],3.33333333333,9.68391901568,1475452312.07
78.6666666667,[ 80.0690998   20.81082961],[ 1.  0.  1.  0.  0.],3.66666666667,9.67813342881,1475452312.4
79.0,[ 79.0015118   20.86668521],[ 0.  0.  0.  0.  1.],4.0,9.67242498309,1475452312.93
79.3333333333,[ 77.94815831  20.58846274],[ 0.  0.  0.  0.  0.],0.0,9.58345931665,1475452313.07
79.6666666667,[ 76.90884953  20.31394991],[ 0.  0.  0.  0.  0.],0.0,9.49567985909,1475452313.4
80.0,[ 75.8833982   20.04309724],[ 0.  0.  0.  0.  0.],0.0,9.4090707943,1475452313.93
80.3333333333,[ 75.53828623  20.44252261],[ 0.  1.  1.  0.  0.],0.0,9.32361651705,1475452314.07
80.6666666667,[ 75.19777575  20.83662231],[ 0.  1.  1.  0.  0.],0.0,9.29485718571,1475452314.4
81.0,[ 75.8618054   20.89213401],[ 1.  1.  0.  0.  1.],0.0,9.26648131212,1475452314.94
81.3333333333,[ 76.51698133  20.61357222],[ 1.  1.  0.  0.  0.],0.333333333333,9.32181711685,1475452315.07
81.6666666667,[ 77.16342158  20.33872459],[ 1.  1.  0.  0.  0.],0.666666666667,9.37641511085,1475452315.41
82.0,[ 77.80124262  20.0675416 ],[ 1.  1.  0.  0.  0.],1.0,9.43028513159,1475452335.94
82.3333333333,[ 77.76389272  20.46664105],[ 1.  0.  1.  0.  0.],1.33333333333,9.48343688539,1475452335.94
82.6666666667,[ 77.72704082  20.86041917],[ 1.  0.  1.  0.  0.],1.66666666667,9.48032439359,1475452335.94
83.0,[ 76.69068028  20.91561358],[ 0.  0.  0.  0.  1.],2.0,9.47725340167,1475452336.17
83.3333333333,[ 75.66813787  20.63673873],[ 0.  0.  0.  0.  0.],0.0,9.39089002298,1475452336.17
83.6666666667,[ 74.65922937  20.36158221],[ 0.  0.  0.  0.  0.],0.0,9.30567815601,1475452336.17
84.0,[ 73.66377298  20.09009445],[ 0.  0.  0.  0.  0.],0.0,9.22160244726,1475452336.4
84.3333333333,[ 72.68158934  19.82222652],[ 0.  0.  0.  0.  0.],0.0,9.13864774797,1475452336.4
84.6666666667,[ 71.71250148  19.55793017],[ 0.  0.  0.  0.  0.],0.0,9.05679911133,1475452336.4
85.0,[ 70.75633479  19.29715777],[ 0.  0.  0.  0.  0.],0.0,8.97604178984,1475452336.65
85.3333333333,[ 69.81291699  19.03986233],[ 0.  0.  0.  0.  0.],0.0,8.89636123264,1475452336.65
85.6666666667,[ 68.8820781  18.7859975],[ 0.  0.  0.  0.  0.],0.0,8.81774308288,1475452336.65
86.0,[ 68.96365039  19.53551753],[ 1.  0.  1.  0.  1.],0.0,8.7401731751,1475452336.9
86.3333333333,[ 69.04413505  19.94171063],[ 1.  0.  1.  0.  0.],0.333333333333,8.7469708661,1475452336.9
86.6666666667,[ 69.12354659  20.34248782],[ 1.  0.  1.  0.  0.],0.666666666667,8.75367792122,1475452336.9
87.0,[ 68.2018993   20.40458799],[ 0.  0.  0.  0.  1.],1.0,8.76029554894,1475452337.18
87.3333333333,[ 67.29254064  20.13252681],[ 0.  0.  0.  0.  0.],0.0,8.68349160829,1475452337.18
87.6666666667,[ 66.39530677  19.86409312],[ 0.  0.  0.  0.  0.],0.0,8.60771172017,1475452337.18
88.0,[ 66.51003601  20.59923855],[ 1.  0.  1.  0.  1.],0.0,8.53294223057,1475452337.41
88.3333333333,[ 66.62323553  20.9912487 ],[ 1.  0.  1.  0.  0.],0.333333333333,8.54250300083,1475452337.41
88.6666666667,[ 66.73492572  21.37803205],[ 1.  0.  1.  0.  0.],0.666666666667,8.55193629415,1475452337.41
89.0,[ 67.51179338  21.09299162],[ 1.  1.  0.  0.  0.],1.0,8.56124381023,1475452337.69
89.3333333333,[ 68.2783028   20.81175174],[ 1.  1.  0.  0.  0.],1.33333333333,8.62598278165,1475452337.69
89.6666666667,[ 69.0345921   20.53426171],[ 1.  1.  0.  0.  0.],1.66666666667,8.68985856678,1475452337.69
90.0,[ 69.78079754  20.26047156],[ 1.  1.  0.  0.  0.],2.0,8.75288267478,1475452337.92
90.3333333333,[ 70.51705357  19.99033193],[ 1.  1.  0.  0.  0.],2.33333333333,8.81506646134,1475452337.92
90.6666666667,[ 71.24349285  19.72379418],[ 1.  1.  0.  0.  0.],2.66666666667,8.87642113075,1475452337.92
91.0,[ 71.96024628  19.46081025],[ 1.  1.  0.  0.  0.],3.0,8.93695773789,1475452338.15
91.3333333333,[ 72.667443    19.20133278],[ 1.  1.  0.  0.  0.],3.33333333333,8.99668719027,1475452338.15
91.6666666667,[ 73.36521043  18.94531501],[ 1.  1.  0.  0.  0.],3.66666666667,9.05562024996,1475452338.15
92.0,[ 74.05367429  18.69271081],[ 1.  1.  0.  0.  0.],4.0,9.11376753552,1475452338.39
92.3333333333,[ 74.73295863  18.44347467],[ 1.  1.  0.  0.  0.],4.33333333333,9.17113952393,1475452338.39
92.6666666667,[ 75.40318585  18.19756167],[ 1.  1.  0.  0.  0.],4.66666666667,9.2277465525,1475452338.39
93.0,[ 76.0644767   17.95492752],[ 1.  1.  0.  0.  0.],5.0,9.28359882069,1475452338.62
93.3333333333,[ 76.71695035  17.71552848],[ 1.  1.  0.  0.  0.],5.33333333333,9.33870639197,1475452338.62
93.6666666667,[ 77.36072434  17.47932144],[ 1.  1.  0.  0.  0.],5.66666666667,9.39307919563,1475452338.62
94.0,[ 77.99591469  17.24626382],[ 1.  1.  0.  0.  0.],6.0,9.44672702858,1475452338.84
94.3333333333,[ 78.62263582  17.01631363],[ 1.  1.  0.  0.  0.],6.33333333333,9.49965955709,1475452338.84
94.6666666667,[ 79.24100068  16.78942945],[ 1.  1.  0.  0.  0.],6.66666666667,9.55188631855,1475452338.84
95.0,[ 79.85112067  16.56557039],[ 1.  1.  0.  0.  0.],7.0,9.60341672319,1475452339.08
95.3333333333,[ 80.45310573  16.34469612],[ 1.  1.  0.  0.  0.],7.33333333333,9.65426005577,1475452339.08
95.6666666667,[ 81.04706432  16.12676684],[ 1.  1.  0.  0.  0.],7.66666666667,9.70442547725,1475452339.08
96.0,[ 81.63310346  15.91174328],[ 1.  1.  0.  0.  0.],8.0,9.75392202644,1475452339.31
96.3333333333,[ 82.21132875  15.6995867 ],[ 1.  1.  0.  0.  0.],8.33333333333,9.80275862164,1475452339.31
96.6666666667,[ 82.78184436  15.49025888],[ 1.  1.  0.  0.  0.],8.66666666667,9.85094406224,1475452339.31
97.0,[ 83.34475311  15.2837221 ],[ 1.  1.  0.  0.  0.],9.0,9.8984870303,1475452339.57
97.3333333333,[ 83.9001564   15.07993914],[ 1.  1.  0.  0.  0.],9.33333333333,9.94539609212,1475452339.57
97.6666666667,[ 84.44815431  14.87887328],[ 1.  1.  0.  0.  0.],9.66666666667,9.99167969978,1475452339.57
98.0,[ 83.98884559  15.6804883 ],[ 0.  1.  1.  0.  1.],10.0,10.0373461927,1475452339.8
98.3333333333,[ 84.53566098  15.80474846],[ 1.  1.  0.  0.  1.],0.0,9.99907046566,1475452339.8
98.6666666667,[ 85.0751855   15.59401848],[ 1.  1.  0.  0.  0.],0.333333333333,10.044638415,1475452339.8
99.0,[ 85.60751636  15.38609823],[ 1.  1.  0.  0.  0.],0.666666666667,10.0895987917,1475452340.03
99.3333333333,[ 86.13274948  15.18095026],[ 1.  1.  0.  0.  0.],1.0,10.1339596967,1475452340.03
99.6666666667,[ 86.65097948  14.97853759],[ 1.  1.  0.  0.  0.],1.33333333333,10.177729123,1475452340.03
100.0,[ 87.16229976  14.77882375],[ 1.  1.  0.  0.  0.],1.66666666667,10.2209149569,1475452340.27
100.333333333,[ 87.66680243  14.58177277],[ 1.  1.  0.  0.  0.],2.0,10.2635249797,1475452340.27
100.666666667,[ 88.16457839  14.38734913],[ 1.  1.  0.  0.  0.],2.33333333333,10.3055668688,1475452340.27
101.0,[ 87.98905068  14.86218448],[ 1.  0.  1.  0.  0.],2.66666666667,10.3470481995,1475452360.52
101.333333333,[ 87.81586334  15.33068868],[ 1.  0.  1.  0.  0.],3.0,10.3324208901,1475452400.54
101.666666667,[ 87.64498516  15.79294617],[ 1.  0.  1.  0.  0.],3.33333333333,10.3179886116,1475452400.54
102.0,[ 86.47638536  15.91570689],[ 0.  0.  0.  0.  1.],3.66666666667,10.3037487635,1475452400.76
102.333333333,[ 85.32336689  15.70349746],[ 0.  0.  0.  0.  0.],0.0,10.2063654466,1475452400.76
102.666666667,[ 84.185722    15.49411749],[ 0.  0.  0.  0.  0.],0.0,10.110280574,1475452400.76
103.0,[ 83.0632457   15.28752926],[ 0.  0.  0.  0.  0.],0.0,10.015476833,1475452400.98
103.333333333,[ 81.95573576  15.08369554],[ 0.  0.  0.  0.  0.],0.0,9.9219371419,1475452400.98
103.666666667,[ 80.86299262  14.8825796 ],[ 0.  0.  0.  0.  0.],0.0,9.82964464667,1475452400.98
104.0,[ 79.78481938  14.6841452 ],[ 0.  0.  0.  0.  0.],0.0,9.73858271805,1475452401.19
104.333333333,[ 78.72102179  14.4883566 ],[ 0.  0.  0.  0.  0.],0.0,9.64873494847,1475452401.19
104.666666667,[ 77.67140817  14.29517851],[ 0.  0.  0.  0.  0.],0.0,9.56008514916,1475452401.2
105.0,[ 76.63578939  14.10457613],[ 0.  0.  0.  0.  0.],0.0,9.47261734717,1475452401.41
105.333333333,[ 75.61397887  13.91651512],[ 0.  0.  0.  0.  0.],0.0,9.38631578254,1475452401.42
105.666666667,[ 74.60579248  13.73096158],[ 0.  0.  0.  0.  0.],0.0,9.30116490544,1475452401.42
106.0,[ 73.61104858  13.54788209],[ 0.  0.  0.  0.  0.],0.0,9.21714937337,1475452401.65
106.333333333,[ 72.62956793  13.36724367],[ 0.  0.  0.  0.  0.],0.0,9.13425404839,1475452401.65
106.666666667,[ 71.66117369  13.18901375],[ 0.  0.  0.  0.  0.],0.0,9.05246399441,1475452401.65
107.0,[ 71.70569138  14.01316023],[ 1.  0.  1.  0.  1.],0.0,8.97176447449,1475452401.9
107.333333333,[ 71.74961549  14.49298476],[ 1.  0.  1.  0.  0.],0.333333333333,8.97547428149,1475452401.9
107.666666667,[ 71.79295395  14.96641163],[ 1.  0.  1.  0.  0.],0.666666666667,8.97913462441,1475452401.9
108.0,[ 70.83571457  15.10019281],[ 0.  0.  0.  0.  1.],1.0,8.98274616275,1475452402.16
108.333333333,[ 69.89123837  14.89885691],[ 0.  0.  0.  0.  0.],0.0,8.90297621391,1475452402.16
108.666666667,[ 68.95935519  14.70020548],[ 0.  0.  0.  0.  0.],0.0,8.82426986439,1475452402.16
109.0,[ 69.03989713  15.50420274],[ 1.  0.  1.  0.  1.],0.0,8.74661293287,1475452402.55
109.333333333,[ 69.11936516  15.96414671],[ 1.  0.  1.  0.  0.],0.333333333333,8.75332476043,1475452402.55
109.666666667,[ 69.19777363  16.41795808],[ 1.  0.  1.  0.  0.],0.666666666667,8.75994709696,1475452402.55
110.0,[ 69.27513665  16.86571864],[ 1.  0.  1.  0.  0.],1.0,8.76648113566,1475452402.8
110.333333333,[ 69.35146816  17.30750906],[ 1.  0.  1.  0.  0.],1.33333333333,8.77292805386,1475452402.8
110.666666667,[ 69.42678192  17.74340894],[ 1.  0.  1.  0.  0.],1.66666666667,8.77928901314,1475452402.8
111.0,[ 69.50109149  18.17349682],[ 1.  0.  1.  0.  0.],2.0,8.78556515963,1475452403.1
111.333333333,[ 69.57441027  18.5978502 ],[ 1.  0.  1.  0.  0.],2.33333333333,8.79175762417,1475452403.1
111.666666667,[ 69.64675147  19.01654553],[ 1.  0.  1.  0.  0.],2.66666666667,8.79786752251,1475452403.1
112.0,[ 68.71812811  19.09632492],[ 0.  0.  0.  0.  1.],3.0,8.80389595555,1475452403.33
112.333333333,[ 67.80188641  18.84170725],[ 0.  0.  0.  0.  0.],0.0,8.72651067614,1475452403.33
112.666666667,[ 66.89786125  18.59048449],[ 0.  0.  0.  0.  0.],0.0,8.65015720046,1475452403.33
113.0,[ 67.00588977  19.34261136],[ 1.  0.  1.  0.  1.],0.0,8.57482177112,1475452403.61
113.333333333,[ 67.11247791  19.75137655],[ 1.  0.  1.  0.  0.],0.333333333333,8.5838241475,1475452403.62
113.666666667,[ 67.21764487  20.15469153],[ 1.  0.  1.  0.  0.],0.666666666667,8.5927064922,1475452403.62
114.0,[ 67.3214096   20.55262897],[ 1.  0.  1.  0.  0.],1.0,8.60147040564,1475452403.92
114.333333333,[ 67.42379081  20.94526059],[ 1.  0.  1.  0.  0.],1.33333333333,8.6101174669,1475452403.93
114.666666667,[ 67.52480693  21.33265711],[ 1.  0.  1.  0.  0.],1.66666666667,8.61864923401,1475452403.93
115.0,[ 67.62447617  21.71488835],[ 1.  0.  1.  0.  0.],2.0,8.62706724422,1475452404.16
115.333333333,[ 67.72281649  22.09202317],[ 1.  0.  1.  0.  0.],2.33333333333,8.6353730143,1475452404.17
115.666666667,[ 67.8198456   22.46412953],[ 1.  0.  1.  0.  0.],2.66666666667,8.64356804077,1475452404.17
116.0,[ 66.91558099  22.49794114],[ 0.  0.  0.  0.  1.],3.0,8.65165380023,1475452404.45
116.333333333,[ 66.02337325  22.19796859],[ 0.  0.  0.  0.  0.],0.0,8.57629841623,1475452404.45
116.666666667,[ 65.1430616   21.90199567],[ 0.  0.  0.  0.  0.],0.0,8.50194777068,1475452404.45
117.0,[ 65.27448745  22.60996906],[ 1.  0.  1.  0.  1.],0.0,8.42858846707,1475452404.69
117.333333333,[ 65.40416095  22.97516948],[ 1.  0.  1.  0.  0.],0.333333333333,8.43954062084,1475452404.69
117.666666667,[ 65.53210547  23.33550055],[ 1.  0.  1.  0.  0.],0.666666666667,8.45034674589,1475452404.69
118.0,[ 65.65834407  23.69102721],[ 1.  0.  1.  0.  0.],1.0,8.46100878928,1475452404.99
118.333333333,[ 65.78289948  24.04181351],[ 1.  0.  1.  0.  0.],1.33333333333,8.47152867209,1475452404.99
118.666666667,[ 65.90579415  24.38792267],[ 1.  0.  1.  0.  0.],1.66666666667,8.4819082898,1475452404.99
119.0,[ 65.02705023  24.3960837 ],[ 0.  0.  0.  0.  1.],2.0,8.4921495126,1475452405.27
119.333333333,[ 64.16002289  24.07080258],[ 0.  0.  0.  0.  0.],0.0,8.41892085243,1475452405.27
119.666666667,[ 63.30455592  23.74985855],[ 0.  0.  0.  0.  0.],0.0,8.3466685744,1475452405.27
120.0,[ 63.46049518  24.43319377],[ 1.  0.  1.  0.  1.],0.0,8.27537966007,1475452405.55
120.333333333,[ 63.61435524  24.77408452],[ 1.  0.  1.  0.  0.],0.333333333333,8.28837459794,1475452405.55
120.666666667,[ 63.76616384  25.11043006],[ 1.  0.  1.  0.  0.],0.666666666667,8.30119626997,1475452405.55
121.0,[ 63.91594832  25.44229099],[ 1.  0.  1.  0.  0.],1.0,8.31384698637,1475452405.9
121.333333333,[ 64.06373567  25.76972711],[ 1.  0.  1.  0.  0.],1.33333333333,8.32632902655,1475452405.9
121.666666667,[ 64.20955253  26.09279741],[ 1.  0.  1.  0.  0.],1.66666666667,8.33864463953,1475452405.9
122.0,[ 64.35342516  26.41156011],[ 1.  0.  1.  0.  0.],2.0,8.35079604434,1475452406.24
122.333333333,[ 64.4953795   26.72607265],[ 1.  0.  1.  0.  0.],2.33333333333,8.36278543041,1475452406.24
122.666666667,[ 64.6354411   27.03639168],[ 1.  0.  1.  0.  0.],2.66666666667,8.37461495801,1475452406.24
123.0,[ 63.77363522  27.00923979],[ 0.  0.  0.  0.  1.],3.0,8.38628675857,1475452406.52
123.333333333,[ 62.92332009  26.64911659],[ 0.  0.  0.  0.  0.],0.0,8.31446960178,1475452406.53
123.666666667,[ 62.08434248  26.29379504],[ 0.  0.  0.  0.  0.],0.0,8.24361000709,1475452406.53
124.0,[ 62.25655125  26.9432111 ],[ 1.  0.  1.  0.  1.],0.0,8.173695207,1475452406.81
124.333333333,[ 62.4264639   27.25063496],[ 1.  0.  1.  0.  0.],0.333333333333,8.18804593757,1475452406.81
124.666666667,[ 62.59411105  27.55395982],[ 1.  0.  1.  0.  0.],0.666666666667,8.20220532507,1475452406.81
125.0,[ 62.7595229   27.85324036],[ 1.  0.  1.  0.  0.],1.0,8.21617592074,1475452407.1
125.333333333,[ 62.92272926  28.14853049],[ 1.  0.  1.  0.  0.],1.33333333333,8.22996024179,1475452407.1
125.666666667,[ 63.08375954  28.43988341],[ 1.  0.  1.  0.  0.],1.66666666667,8.2435607719,1475452407.1
126.0,[ 62.24264275  28.3940183 ],[ 0.  0.  0.  0.  1.],2.0,8.25697996161,1475452407.38
126.333333333,[ 61.41274084  28.01543139],[ 0.  0.  0.  0.  0.],0.0,8.18688689546,1475452407.38
126.666666667,[ 60.5939043   27.64189231],[ 0.  0.  0.  0.  0.],0.0,8.11772840352,1475452407.39
127.0,[ 60.78598557  28.27333374],[ 1.  0.  1.  0.  1.],0.0,8.0494920248,1475452407.68
127.333333333,[ 60.97550577  28.56302263],[ 1.  0.  1.  0.  0.],0.333333333333,8.06549879781,1475452407.68
127.666666667,[ 61.16249902  28.84884899],[ 1.  0.  1.  0.  0.],0.666666666667,8.08129214717,1475452407.68
128.0,[ 61.34699904  29.13086434],[ 1.  0.  1.  0.  0.],1.0,8.09687491854,1475452407.98
128.333333333,[ 61.52903905  29.40911948],[ 1.  0.  1.  0.  0.],1.33333333333,8.11224991963,1475452407.99
128.666666667,[ 61.70865186  29.68366455],[ 1.  0.  1.  0.  0.],1.66666666667,8.1274199207,1475452407.99
129.0,[ 61.88586984  29.95454903],[ 1.  0.  1.  0.  0.],2.0,8.14238765509,1475452408.26
129.333333333,[ 62.06072491  30.2218217 ],[ 1.  0.  1.  0.  0.],2.33333333333,8.15715581969,1475452408.26
129.666666667,[ 62.23324857  30.48553075],[ 1.  0.  1.  0.  0.],2.66666666667,8.17172707542,1475452408.27
130.0,[ 61.40347193  30.41239034],[ 0.  0.  0.  0.  1.],3.0,8.18610404775,1475452408.54
130.333333333,[ 60.58475897  30.0068918 ],[ 0.  0.  0.  0.  0.],0.0,8.11695599378,1475452408.54
130.666666667,[ 59.77696218  29.60679991],[ 0.  0.  0.  0.  0.],0.0,8.04872991387,1475452408.54
131.0,[ 59.97993602  30.21204258],[ 1.  0.  1.  0.  1.],0.0,7.98141351501,1475452408.82
131.333333333,[ 60.18020354  30.47588201],[ 1.  0.  1.  0.  0.],0.333333333333,7.99832800148,1475452408.82
131.666666667,[ 60.37780082  30.73620358],[ 1.  0.  1.  0.  0.],0.666666666667,8.01501696146,1475452408.82
132.0,[ 60.57276348  30.9930542 ],[ 1.  0.  1.  0.  0.],1.0,8.03148340197,1475452409.1
132.333333333,[ 60.76512663  31.24648015],[ 1.  0.  1.  0.  0.],1.33333333333,8.04773028995,1475452409.1
132.666666667,[ 60.95492494  31.49652708],[ 1.  0.  1.  0.  0.],1.66666666667,8.06376055275,1475452409.1
133.0,[ 60.14219261  31.40990672],[ 0.  0.  0.  0.  1.],2.0,8.07957707871,1475452409.4
133.333333333,[ 59.34029671  30.99110796],[ 0.  0.  0.  0.  0.],0.0,8.01184938433,1475452409.4
133.666666667,[ 58.54909275  30.57789319],[ 0.  0.  0.  0.  0.],0.0,7.94502472587,1475452409.4
134.0,[ 58.76843818  31.17018795],[ 1.  0.  1.  0.  1.],0.0,7.87909106286,1475452409.63
134.333333333,[ 58.98485901  31.42125211],[ 1.  0.  1.  0.  0.],0.333333333333,7.89736984869,1475452409.63
134.666666667,[ 59.19839422  31.66896874],[ 1.  0.  1.  0.  0.],0.666666666667,7.91540491737,1475452409.63
135.0,[ 59.4090823   31.91338249],[ 1.  0.  1.  0.  0.],1.0,7.93319951847,1475452409.91
135.333333333,[ 59.6169612   32.15453739],[ 1.  0.  1.  0.  0.],1.33333333333,7.95075685823,1475452409.91
135.666666667,[ 59.82206839  32.3924769 ],[ 1.  0.  1.  0.  0.],1.66666666667,7.96808010012,1475452409.91
136.0,[ 60.02444081  32.62724387],[ 1.  0.  1.  0.  0.],2.0,7.98517236545,1475452410.19
136.333333333,[ 60.22411493  32.85888062],[ 1.  0.  1.  0.  0.],2.33333333333,8.00203673391,1475452410.19
136.666666667,[ 60.42112673  33.08742888],[ 1.  0.  1.  0.  0.],2.66666666667,8.01867624413,1475452410.19
137.0,[ 59.61551171  32.97959649],[ 0.  0.  0.  0.  1.],3.0,8.0350938942,1475452410.47
137.333333333,[ 58.82063822  32.53986854],[ 0.  0.  0.  0.  0.],0.0,7.96795930895,1475452410.47
137.666666667,[ 58.03636304  32.10600363],[ 0.  0.  0.  0.  0.],0.0,7.90171985149,1475452410.47
138.0,[ 58.26254487  32.67792358],[ 1.  0.  1.  0.  1.],0.0,7.83636358681,1475452410.74
138.333333333,[ 58.48571094  32.9088846 ],[ 1.  0.  1.  0.  0.],0.333333333333,7.85521207232,1475452410.74
138.666666667,[ 58.70590146  33.13676613],[ 1.  0.  1.  0.  0.],0.666666666667,7.87380924469,1475452410.75
139.0,[ 58.9231561   33.36160925],[ 1.  0.  1.  0.  0.],1.0,7.89215845476,1475452410.98
139.333333333,[ 59.13751402  33.58345446],[ 1.  0.  1.  0.  0.],1.33333333333,7.91026300869,1475452410.98
139.666666667,[ 59.34901384  33.80234174],[ 1.  0.  1.  0.  0.],1.66666666667,7.92812616858,1475452410.98
140.0,[ 58.55769365  33.68497718],[ 0.  0.  0.  0.  1.],2.0,7.945751153,1475452411.26
140.333333333,[ 57.7769244   33.23584415],[ 0.  0.  0.  0.  0.],0.0,7.87980780429,1475452411.26
140.666666667,[ 57.00656541  32.79269956],[ 0.  0.  0.  0.  0.],0.0,7.81474370023,1475452411.26
141.0,[ 57.24647787  33.35546357],[ 1.  0.  1.  0.  1.],0.0,7.75054711756,1475452411.55
141.333333333,[ 57.4831915   33.57739072],[ 1.  0.  1.  0.  0.],0.333333333333,7.77053982266,1475452411.55
141.666666667,[ 57.71674895  33.79635884],[ 1.  0.  1.  0.  0.],0.666666666667,7.79026595836,1475452411.56
142.0,[ 57.94719229  34.01240739],[ 1.  0.  1.  0.  0.],1.0,7.80972907892,1475452411.84
142.333333333,[ 58.17456306  34.22557529],[ 1.  0.  1.  0.  0.],1.33333333333,7.8289326912,1475452411.85
142.666666667,[ 58.39890222  34.43590096],[ 1.  0.  1.  0.  0.],1.66666666667,7.84788025531,1475452411.85
143.0,[ 58.62025019  34.64342228],[ 1.  0.  1.  0.  0.],2.0,7.86657518524,1475452412.13
143.333333333,[ 58.83864686  34.84817665],[ 1.  0.  1.  0.  0.],2.33333333333,7.88502084944,1475452412.13
143.666666667,[ 59.05413157  35.05020096],[ 1.  0.  1.  0.  0.],2.66666666667,7.90322057145,1475452412.13
144.0,[ 58.26674315  34.91619828],[ 0.  0.  0.  0.  1.],3.0,7.92117763049,1475452412.44
144.333333333,[ 57.48985324  34.45064897],[ 0.  0.  0.  0.  0.],0.0,7.85556192876,1475452412.44
144.666666667,[ 56.72332186  33.99130698],[ 0.  0.  0.  0.  0.],0.0,7.79082110304,1475452412.44
145.0,[ 56.9670109   34.53808956],[ 1.  0.  1.  0.  1.],0.0,7.72694348833,1475452412.74
145.333333333,[ 57.20745076  34.74424836],[ 1.  0.  1.  0.  0.],0.333333333333,7.74725090849,1475452412.75
145.666666667,[ 57.44468475  34.94765838],[ 1.  0.  1.  0.  0.],0.666666666667,7.76728756304,1475452412.75
146.0,[ 57.67875562  35.14835627],[ 1.  0.  1.  0.  0.],1.0,7.7870570622,1475452413.03
146.333333333,[ 57.90970554  35.34637819],[ 1.  0.  1.  0.  0.],1.33333333333,7.80656296804,1475452413.03
146.666666667,[ 58.13757613  35.54175981],[ 1.  0.  1.  0.  0.],1.66666666667,7.82580879513,1475452413.03
147.0,[ 57.36240845  35.40120302],[ 0.  0.  0.  0.  1.],2.0,7.84479801119,1475452413.31
147.333333333,[ 56.59757634  34.92918698],[ 0.  0.  0.  0.  0.],0.0,7.78020070438,1475452413.31
147.666666667,[ 55.84294199  34.46346448],[ 0.  0.  0.  0.  0.],0.0,7.71646469499,1475452413.31
148.0,[ 56.09836943  35.00395162],[ 1.  0.  1.  0.  1.],0.0,7.65357849905,1475452413.71
148.333333333,[ 56.35039117  35.20389893],[ 1.  0.  1.  0.  0.],0.333333333333,7.67486411907,1475452413.71
148.666666667,[ 56.59905262  35.40118028],[ 1.  0.  1.  0.  0.],0.666666666667,7.69586593081,1475452413.71
149.0,[ 56.84439859  35.59583121],[ 1.  0.  1.  0.  0.],1.0,7.7165877184,1475452413.96
149.333333333,[ 57.08647327  35.7878868 ],[ 1.  0.  1.  0.  0.],1.33333333333,7.73703321549,1475452413.96
149.666666667,[ 57.32532029  35.97738164],[ 1.  0.  1.  0.  0.],1.66666666667,7.75720610595,1475452413.96
150.0,[ 57.56098269  36.16434988],[ 1.  0.  1.  0.  0.],2.0,7.77711002454,1475452414.25
150.333333333,[ 57.79350292  36.34882522],[ 1.  0.  1.  0.  0.],2.33333333333,7.79674855754,1475452414.25
150.666666667,[ 58.02292288  36.53084088],[ 1.  0.  1.  0.  0.],2.66666666667,7.81612524344,1475452414.25
151.0,[ 57.24928391  36.37709634],[ 0.  0.  0.  0.  1.],3.0,7.83524357353,1475452414.53
151.333333333,[ 56.48596013  35.89206839],[ 0.  0.  0.  0.  0.],0.0,7.77077365922,1475452414.53
151.666666667,[ 55.73281399  35.41350747],[ 0.  0.  0.  0.  0.],0.0,7.70716334376,1475452414.53
152.0,[ 55.9897098   35.94132737],[ 1.  0.  1.  0.  1.],0.0,7.64440116584,1475452414.82
152.333333333,[ 56.24318034  36.12877634],[ 1.  0.  1.  0.  0.],0.333333333333,7.6658091503,1475452414.82
152.666666667,[ 56.49327127  36.31372599],[ 1.  0.  1.  0.  0.],0.666666666667,7.68693169496,1475452414.82
153.0,[ 56.74002765  36.49620964],[ 1.  0.  1.  0.  0.],1.0,7.7077726057,1475452415.12
153.333333333,[ 56.98349395  36.67626018],[ 1.  0.  1.  0.  0.],1.33333333333,7.72833563762,1475452415.12
153.666666667,[ 57.22371403  36.85391005],[ 1.  0.  1.  0.  0.],1.66666666667,7.74862449578,1475452415.12
154.0,[ 56.46073118  36.69585791],[ 0.  0.  0.  0.  1.],2.0,7.76864283584,1475452415.35
154.333333333,[ 55.70792143  36.20657981],[ 0.  0.  0.  0.  0.],0.0,7.70506093136,1475452415.36
154.666666667,[ 54.96514914  35.72382541],[ 0.  0.  0.  0.  0.],0.0,7.64232678561,1475452415.36
155.0,[ 55.23228049  36.24750774],[ 1.  0.  1.  0.  1.],0.0,7.58042909514,1475452415.59
155.333333333,[ 55.49585008  36.4308743 ],[ 1.  0.  1.  0.  0.],0.333333333333,7.60269004053,1475452415.59
155.666666667,[ 55.75590541  36.61179598],[ 1.  0.  1.  0.  0.],0.666666666667,7.62465417333,1475452415.59
156.0,[ 56.01249334  36.79030536],[ 1.  0.  1.  0.  0.],1.0,7.64632545102,1475452415.86
156.333333333,[ 56.2656601   36.96643463],[ 1.  0.  1.  0.  0.],1.33333333333,7.66770777834,1475452415.86
156.666666667,[ 56.51545129  37.1402155 ],[ 1.  0.  1.  0.  0.],1.66666666667,7.68880500796,1475452415.86
157.0,[ 56.76191194  37.31167929],[ 1.  0.  1.  0.  0.],2.0,7.70962094119,1475452416.13
157.333333333,[ 57.00508645  37.4808569 ],[ 1.  0.  1.  0.  0.],2.33333333333,7.73015932864,1475452416.13
157.666666667,[ 57.24501863  37.64777881],[ 1.  0.  1.  0.  0.],2.66666666667,7.75042387092,1475452416.14
158.0,[ 56.48175172  37.47914176],[ 0.  0.  0.  0.  1.],3.0,7.77041821931,1475452416.41
158.333333333,[ 55.72866169  36.97941987],[ 0.  0.  0.  0.  0.],0.0,7.70681264305,1475452416.41
158.666666667,[ 54.98561287  36.48636094],[ 0.  0.  0.  0.  0.],0.0,7.64405514114,1475452416.41
159.0,[ 55.25247137  36.99987612],[ 1.  0.  1.  0.  1.],0.0,7.58213440593,1475452416.68
159.333333333,[ 55.51577175  37.17321111],[ 1.  0.  1.  0.  0.],0.333333333333,7.60437261385,1475452416.68
159.666666667,[ 55.77556146  37.34423496],[ 1.  0.  1.  0.  0.],0.666666666667,7.62631431233,1475452416.68
160.0,[ 56.03188731  37.51297849],[ 1.  0.  1.  0.  0.],1.0,7.64796345483,1475452416.91
160.333333333,[ 56.28479547  37.67947211],[ 1.  0.  1.  0.  0.],1.33333333333,7.6693239421,1475452416.91
160.666666667,[ 56.53433153  37.84374582],[ 1.  0.  1.  0.  0.],1.66666666667,7.69039962287,1475452416.91
161.0,[ 56.78054045  38.00582921],[ 1.  0.  1.  0.  0.],2.0,7.71119429457,1475452417.18
161.333333333,[ 57.02346658  38.16575149],[ 1.  0.  1.  0.  0.],2.33333333333,7.73171170398,1475452417.18
161.666666667,[ 57.26315369  38.32354147],[ 1.  0.  1.  0.  0.],2.66666666667,7.75195554792,1475452417.18
162.0,[ 56.49964497  38.14589425],[ 0.  0.  0.  0.  1.],3.0,7.77192947395,1475452417.45
162.333333333,[ 55.74631637  37.63728232],[ 0.  0.  0.  0.  0.],0.0,7.70830374763,1475452417.45
162.666666667,[ 55.00303215  37.13545189],[ 0.  0.  0.  0.  0.],0.0,7.64552636433,1475452417.45
163.0,[ 55.26965839  37.64031253],[ 1.  0.  1.  0.  1.],0.0,7.5835860128,1475452417.68
163.333333333,[ 55.53272961  37.80510837],[ 1.  0.  1.  0.  0.],0.333333333333,7.60580486597,1475452417.68
163.666666667,[ 55.79229322  37.96770692],[ 1.  0.  1.  0.  0.],0.666666666667,7.62772746775,1475452417.68
164.0,[ 56.04839598  38.1281375 ],[ 1.  0.  1.  0.  0.],1.0,7.64935776818,1475452417.96
164.333333333,[ 56.30108403  38.286429  ],[ 1.  0.  1.  0.  0.],1.33333333333,7.67069966461,1475452417.96
164.666666667,[ 56.55040291  38.44260994],[ 1.  0.  1.  0.  0.],1.66666666667,7.69175700241,1475452417.96
165.0,[ 55.79639754  38.26337514],[ 0.  0.  0.  0.  1.],2.0,7.71253357572,1475452418.23
165.333333333,[ 55.05244557  37.75319681],[ 0.  0.  0.  0.  0.],0.0,7.64969979471,1475452418.23
165.666666667,[ 54.31841296  37.24982085],[ 0.  0.  0.  0.  0.],0.0,7.58770379744,1475452418.23
166.0,[ 54.59416746  37.75315657],[ 1.  0.  1.  0.  1.],0.0,7.52653441348,1475452418.47
166.333333333,[ 54.86624522  37.91644782],[ 1.  0.  1.  0.  0.],0.333333333333,7.54951395463,1475452418.47
166.666666667,[ 55.13469529  38.07756185],[ 1.  0.  1.  0.  0.],0.666666666667,7.5721871019,1475452418.47
167.0,[ 55.39956602  38.23652769],[ 1.  0.  1.  0.  0.],1.0,7.59455794054,1475452418.69
167.333333333,[ 55.66090514  38.39337399],[ 1.  0.  1.  0.  0.],1.33333333333,7.61663050134,1475452418.69
167.666666667,[ 55.91875973  38.548129  ],[ 1.  0.  1.  0.  0.],1.66666666667,7.63840876132,1475452418.69
168.0,[ 56.17317627  38.70082061],[ 1.  0.  1.  0.  0.],2.0,7.6598966445,1475452418.97
168.333333333,[ 56.42420059  38.85147634],[ 1.  0.  1.  0.  0.],2.33333333333,7.68109802257,1475452418.97
168.666666667,[ 56.67187791  39.00012332],[ 1.  0.  1.  0.  0.],2.66666666667,7.70201671561,1475452418.97
169.0,[ 55.91625287  38.81345501],[ 0.  0.  0.  0.  1.],3.0,7.72265649273,1475452419.26
169.333333333,[ 55.17070284  38.29594228],[ 0.  0.  0.  0.  0.],0.0,7.6596877395,1475452419.26
169.666666667,[ 54.43509346  37.78532971],[ 0.  0.  0.  0.  0.],0.0,7.59755856964,1475452419.26
170.0,[ 54.70929222  38.28152532],[ 1.  0.  1.  0.  1.],0.0,7.53625778871,1475452419.48
170.333333333,[ 54.97983499  38.43777165],[ 1.  0.  1.  0.  0.],0.333333333333,7.55910768486,1475452419.49
170.666666667,[ 55.24677052  38.59193469],[ 1.  0.  1.  0.  0.],0.666666666667,7.58165291573,1475452419.49
171.0,[ 55.51014692  38.74404223],[ 1.  0.  1.  0.  0.],1.0,7.60389754352,1475452419.76
171.333333333,[ 55.77001162  38.89412167],[ 1.  0.  1.  0.  0.],1.33333333333,7.62584557627,1475452419.76
171.666666667,[ 56.02641147  39.04220004],[ 1.  0.  1.  0.  0.],1.66666666667,7.64750096859,1475452419.76
172.0,[ 55.27939265  38.85497071],[ 0.  0.  0.  0.  1.],2.0,7.66886762234,1475452420.03
172.333333333,[ 54.54233408  38.33690443],[ 0.  0.  0.  0.  0.],0.0,7.60661605404,1475452420.03
172.666666667,[ 53.81510296  37.82574571],[ 0.  0.  0.  0.  0.],0.0,7.54519450665,1475452420.03
173.0,[ 54.09756825  38.32140243],[ 1.  0.  1.  0.  1.],0.0,7.48459191323,1475452420.26
173.333333333,[ 54.37626734  38.47711707],[ 1.  0.  1.  0.  0.],0.333333333333,7.50813068772,1475452420.26
173.666666667,[ 54.65125044  38.6307555 ],[ 1.  0.  1.  0.  0.],0.666666666667,7.53135561188,1475452420.26
174.0,[ 54.92256711  38.78234543],[ 1.  0.  1.  0.  0.],1.0,7.55427087039,1475452420.49
174.333333333,[ 55.19026621  38.93191416],[ 1.  0.  1.  0.  0.],1.33333333333,7.57688059212,1475452420.49
174.666666667,[ 55.45439599  39.07948864],[ 1.  0.  1.  0.  0.],1.66666666667,7.59918885089,1475452420.5
175.0,[ 55.71500405  39.22509545],[ 1.  0.  1.  0.  0.],2.0,7.62119966621,1475452420.76
175.333333333,[ 55.97213733  39.36876085],[ 1.  0.  1.  0.  0.],2.33333333333,7.642917004,1475452420.77
175.666666667,[ 56.22584216  39.5105107 ],[ 1.  0.  1.  0.  0.],2.66666666667,7.66434477728,1475452420.77
176.0,[ 55.47616427  39.31703723],[ 0.  0.  0.  0.  1.],3.0,7.68548684691,1475452421.04
176.333333333,[ 54.73648208  38.79281006],[ 0.  0.  0.  0.  0.],0.0,7.62301368896,1475452421.05
176.666666667,[ 54.00666232  38.2755726 ],[ 0.  0.  0.  0.  0.],0.0,7.56137350644,1475452421.05
177.0,[ 54.28657349  38.76523163],[ 1.  0.  1.  0.  1.],0.0,7.50055519302,1475452421.27
177.333333333,[ 54.56275251  38.91502854],[ 1.  0.  1.  0.  0.],0.333333333333,7.52388112378,1475452421.27
177.666666667,[ 54.83524914  39.06282816],[ 1.  0.  1.  0.  0.],0.666666666667,7.54689604213,1475452421.27
178.0,[ 55.10411248  39.20865712],[ 1.  0.  1.  0.  0.],1.0,7.5696040949,1475452421.55
178.333333333,[ 55.36939098  39.35254169],[ 1.  0.  1.  0.  0.],1.33333333333,7.59200937363,1475452421.55
178.666666667,[ 55.63113244  39.4945078 ],[ 1.  0.  1.  0.  0.],1.66666666667,7.61411591532,1475452421.55
179.0,[ 54.889384   39.3012477],[ 0.  0.  0.  0.  1.],2.0,7.63592770311,1475452421.82
179.333333333,[ 54.15752555  38.77723106],[ 0.  0.  0.  0.  0.],0.0,7.57411533374,1475452421.82
179.666666667,[ 53.43542521  38.26020131],[ 0.  0.  0.  0.  0.],0.0,7.51312712929,1475452421.82
